701 0 GX000-48-10208090 0
701 0 GX004-05-12123594 0
701 0 GX016-21-5150039 1
701 0 GX025-72-6112588 2
701 0 GX026-56-10685144 0
701 0 GX037-02-16639200 0
701 0 GX040-62-16463744 0
701 0 GX049-70-3440358 0
701 0 GX050-47-1511214 0
701 0 GX052-33-3737789 0
701 0 GX056-35-8200518 0
701 0 GX064-43-9736582 0
701 0 GX068-83-6288039 2
701 0 GX104-28-6788626 0
701 0 GX128-96-12152039 2
701 0 GX154-76-11248328 0
701 0 GX229-87-1373283 0
701 0 GX231-53-10990040 0
701 0 GX232-43-0102505 2
701 0 GX233-85-3091353 0
701 0 GX237-14-4316559 0
701 0 GX237-15-11380377 0
701 0 GX238-57-4348848 0
701 0 GX238-65-14632969 0
701 0 GX241-10-8918222 1
701 0 GX247-24-7579610 1
701 0 GX252-40-15601030 0
701 0 GX253-41-3663663 0
701 0 GX253-43-11798479 0
701 0 GX255-56-12408598 1
701 0 GX260-74-0957038 0
701 0 GX262-28-10569245 2
701 0 GX262-86-10646381 0
701 0 GX263-63-13628209 0
701 0 GX266-26-3510272 0
701 0 GX267-12-13936725 0
701 0 GX268-15-8388133 0
701 0 GX268-22-14058611 0
701 0 GX268-35-11839875 0
702 0 GX001-44-13913188 2
702 0 GX001-49-1097872 2
702 0 GX001-63-8145721 1
702 0 GX002-86-4588629 0
702 0 GX002-99-16734052 1
702 0 GX003-51-16294562 1
702 0 GX005-06-12795995 1
702 0 GX005-18-11635533 0
702 0 GX005-38-5649730 2
702 0 GX008-12-0372379 1
702 0 GX008-55-11611507 0
702 0 GX014-76-4418054 1
702 0 GX016-45-14872350 2
702 0 GX023-29-6269026 2
702 0 GX026-93-5761284 1
702 0 GX027-18-3385268 0
702 0 GX038-72-9171042 1
702 0 GX042-76-0645459 0
702 0 GX046-95-1385423 0
702 0 GX048-61-5729137 2
702 0 GX049-73-2310771 2
702 0 GX053-05-5054087 1
702 0 GX056-96-6991147 0
702 0 GX059-28-7601493 0
702 0 GX067-02-16482187 1
702 0 GX081-52-6506700 2
702 0 GX202-06-14402586 1
702 0 GX206-55-2468477 0
702 0 GX229-07-4265492 1
702 0 GX233-87-12892048 1
702 0 GX234-82-1456426 1
702 0 GX236-81-5301412 0
702 0 GX237-12-11943678 0
702 0 GX239-50-7698871 1
702 0 GX243-37-9114283 0
702 0 GX244-47-0938378 2
702 0 GX247-40-9250915 0
702 0 GX251-30-9133269 0
702 0 GX252-49-14172455 0
702 0 GX253-71-4019096 1
702 0 GX255-60-0423361 1
702 0 GX262-39-6710414 1
702 0 GX267-05-8546339 1
702 0 GX267-08-1070198 1
702 0 GX271-87-9154916 0
704 0 GX000-56-16493385 0
704 0 GX000-93-8422909 2
704 0 GX001-79-3175557 1
704 0 GX003-24-2094074 2
704 0 GX004-76-11859934 0
704 0 GX005-45-0475979 0
704 0 GX008-25-4538957 0
704 0 GX009-19-15950946 1
704 0 GX009-29-1545542 2
704 0 GX009-47-3339584 0
704 0 GX010-38-10935242 0
704 0 GX017-93-1529964 1
704 0 GX018-78-13390485 1
704 0 GX021-46-0346939 2
704 0 GX023-47-2029268 1
704 0 GX024-24-13182294 0
704 0 GX025-06-9419689 0
704 0 GX028-06-12644782 1
704 0 GX031-89-12713445 0
704 0 GX041-20-3113889 1
704 0 GX042-12-4581399 1
704 0 GX042-99-6897240 2
704 0 GX058-88-1998327 0
704 0 GX074-94-8673435 0
704 0 GX081-81-12248732 0
704 0 GX085-75-14289268 0
704 0 GX226-34-16554731 1
704 0 GX226-90-5778021 1
704 0 GX230-30-2989477 0
704 0 GX230-48-1328710 1
704 0 GX232-57-5204428 1
704 0 GX233-44-9274645 1
704 0 GX234-67-8797411 0
704 0 GX235-00-5849063 0
704 0 GX236-78-15814230 1
704 0 GX237-21-9143797 0
704 0 GX243-02-1414432 1
704 0 GX244-10-13746179 1
704 0 GX246-91-10294535 0
704 0 GX247-49-6933269 0
704 0 GX249-08-0100974 1
704 0 GX250-93-0106682 0
704 0 GX255-18-13725303 0
704 0 GX257-82-6194353 0
704 0 GX261-18-2187872 0
704 0 GX261-30-0019957 2
704 0 GX263-87-11282641 0
704 0 GX264-48-1955357 1
704 0 GX267-03-0676598 2
704 0 GX268-96-16121091 0
704 0 GX272-71-3526435 1
705 0 GX000-31-2605300 2
705 0 GX004-32-9488038 0
705 0 GX005-97-3434060 1
705 0 GX008-71-13615464 1
705 0 GX011-89-15711638 1
705 0 GX014-10-14564806 1
705 0 GX015-34-6126755 1
705 0 GX019-77-9226435 0
705 0 GX027-59-12212600 0
705 0 GX048-62-3642575 1
705 0 GX055-95-10271296 0
705 0 GX062-45-7421279 0
705 0 GX066-32-13481922 0
705 0 GX066-42-14337369 0
705 0 GX070-36-12424140 1
705 0 GX070-40-14495505 0
705 0 GX070-41-1113446 1
705 0 GX073-00-16664363 0
705 0 GX118-74-2093215 0
705 0 GX230-48-1328710 0
705 0 GX230-58-6223621 0
705 0 GX230-60-13424850 0
705 0 GX230-64-10273372 0
705 0 GX231-20-12572629 0
705 0 GX232-11-3430864 0
705 0 GX233-02-16464390 0
705 0 GX233-08-1740926 0
705 0 GX235-03-7888088 0
705 0 GX235-06-1051378 0
705 0 GX237-14-4316559 1
705 0 GX237-46-6968730 1
705 0 GX237-98-8775079 1
705 0 GX254-44-12783587 0
705 0 GX256-03-0400508 1
705 0 GX256-47-3100554 0
706 0 GX001-21-2455320 0
706 0 GX001-37-11210821 0
706 0 GX004-56-13614868 1
706 0 GX004-64-16738159 0
706 0 GX005-02-4464054 0
706 0 GX005-22-7492751 1
706 0 GX006-14-12953667 0
706 0 GX006-29-9238736 0
706 0 GX014-78-5394706 0
706 0 GX016-55-7683219 1
706 0 GX017-64-14169895 0
706 0 GX020-52-13412435 0
706 0 GX023-67-15029916 1
706 0 GX024-13-4481767 1
706 0 GX031-06-7149273 0
706 0 GX037-19-5783018 0
706 0 GX057-39-1550657 0
706 0 GX076-46-3590937 0
706 0 GX076-47-2900478 0
706 0 GX076-47-5461087 0
706 0 GX076-49-5864612 0
706 0 GX183-92-3221381 1
706 0 GX226-84-15865269 1
706 0 GX227-42-10345403 0
706 0 GX229-07-0547769 1
706 0 GX232-00-9305277 0
706 0 GX235-47-6604493 1
706 0 GX235-50-6281395 0
706 0 GX236-25-16470653 0
706 0 GX240-31-13546854 0
706 0 GX240-68-1184464 0
706 0 GX241-26-15875068 1
706 0 GX241-75-16362442 1
706 0 GX243-29-11412131 0
706 0 GX243-81-9212950 0
706 0 GX250-22-5854147 0
706 0 GX251-23-0130240 0
706 0 GX251-52-4975133 0
706 0 GX251-67-13119916 0
706 0 GX252-33-5528681 0
706 0 GX252-58-16549397 0
706 0 GX252-91-9200170 0
706 0 GX255-98-0143993 0
706 0 GX257-35-1064387 0
706 0 GX260-78-13411089 0
706 0 GX261-91-2771921 0
706 0 GX265-65-6994388 0
706 0 GX266-94-6081103 0
706 0 GX269-29-1328211 0
706 0 GX270-02-3417465 1
706 0 GX270-48-15823200 0
707 0 GX001-80-7965570 0
707 0 GX003-48-7355996 2
707 0 GX003-88-14991606 1
707 0 GX003-94-10020086 0
707 0 GX004-01-11989162 1
707 0 GX004-03-14914642 2
707 0 GX004-15-1952872 0
707 0 GX004-32-6875096 0
707 0 GX005-47-8483952 0
707 0 GX006-26-8304545 0
707 0 GX006-36-14835033 0
707 0 GX006-96-14383474 0
707 0 GX007-07-3099518 0
707 0 GX007-40-12106344 2
707 0 GX007-96-12652536 1
707 0 GX009-27-9159972 0
707 0 GX010-62-15446345 0
707 0 GX011-16-14250616 0
707 0 GX011-61-11341012 0
707 0 GX011-65-8019171 0
707 0 GX011-72-0516250 0
707 0 GX011-81-5638374 2
707 0 GX014-98-1920556 2
707 0 GX016-01-15411917 0
707 0 GX016-25-15804529 0
707 0 GX016-67-0177261 0
707 0 GX020-52-13412435 0
707 0 GX028-39-5713582 0
707 0 GX028-83-7915839 2
707 0 GX030-42-3568498 1
707 0 GX043-62-10441232 0
707 0 GX108-32-10681907 0
707 0 GX229-28-1313388 0
707 0 GX229-97-8967396 0
707 0 GX230-81-8635629 1
707 0 GX232-87-3639983 0
707 0 GX233-88-6274391 2
707 0 GX239-35-15771681 0
707 0 GX248-39-2339011 2
707 0 GX253-15-11288601 0
707 0 GX253-59-16348354 0
707 0 GX255-47-1342401 0
707 0 GX262-55-12145961 0
708 0 GX001-35-0432171 1
708 0 GX005-12-14373398 0
708 0 GX015-38-12832629 2
708 0 GX016-55-7553484 1
708 0 GX023-70-8025583 2
708 0 GX031-00-5916014 1
708 0 GX205-31-0825991 0
708 0 GX225-66-16487272 2
708 0 GX228-81-4070084 0
708 0 GX240-78-5119893 1
708 0 GX242-26-0267600 1
708 0 GX242-89-1884425 2
708 0 GX243-69-4307930 1
708 0 GX246-15-0910176 0
708 0 GX247-48-0994772 1
708 0 GX252-02-3453148 1
708 0 GX254-74-1652666 1
708 0 GX255-17-9878314 1
708 0 GX259-82-16158881 1
708 0 GX260-65-11095541 1
708 0 GX260-89-9498153 1
708 0 GX260-90-1164583 1
708 0 GX261-59-0396498 1
708 0 GX261-87-2581495 1
708 0 GX262-08-3323134 1
708 0 GX262-43-10150640 1
708 0 GX263-03-12599906 1
708 0 GX265-43-8683647 1
708 0 GX265-70-12350500 0
708 0 GX266-17-12072894 1
708 0 GX266-96-7615406 1
708 0 GX267-68-11849880 1
708 0 GX267-99-16466588 1
708 0 GX268-71-9802297 1
708 0 GX269-38-9248488 1
708 0 GX269-57-14032507 1
708 0 GX270-29-2037297 1
708 0 GX270-90-4133155 0
708 0 GX272-61-13525198 1
709 0 GX003-20-4924017 0
709 0 GX024-64-10288263 1
709 0 GX030-46-10656648 1
709 0 GX044-29-9606629 1
709 0 GX045-10-4654435 2
709 0 GX049-38-15308421 2
709 0 GX050-11-1536099 1
709 0 GX087-09-12870134 0
709 0 GX227-53-8692184 1
709 0 GX232-63-4343716 1
709 0 GX232-97-10407468 1
709 0 GX233-58-3122862 1
709 0 GX233-70-4599777 0
709 0 GX235-12-14963469 1
709 0 GX235-23-0231479 1
709 0 GX235-23-7904810 1
709 0 GX235-62-7454902 1
709 0 GX236-00-1399765 1
709 0 GX236-81-8818591 1
709 0 GX237-15-8118646 1
709 0 GX238-00-0355367 1
709 0 GX241-17-2051813 1
709 0 GX243-22-8784184 1
709 0 GX243-57-11355589 1
709 0 GX245-11-11266161 1
709 0 GX246-34-4144426 0
709 0 GX246-35-4289557 1
709 0 GX246-36-3433150 1
709 0 GX246-37-10366576 1
709 0 GX246-38-2703753 1
709 0 GX248-50-14617650 1
709 0 GX248-97-0510061 0
709 0 GX249-59-10430775 0
709 0 GX250-99-11284676 1
709 0 GX253-06-14775839 1
709 0 GX255-77-14041569 1
709 0 GX261-82-16542534 0
709 0 GX262-85-11270874 1
709 0 GX263-65-0890549 1
709 0 GX264-34-1832360 1
709 0 GX265-12-14623521 0
709 0 GX267-73-6648868 1
709 0 GX267-83-13751015 1
709 0 GX269-05-3899921 0
709 0 GX271-37-14516566 1
709 0 GX271-54-14327502 1
709 0 GX271-74-0546425 1
709 0 GX272-13-10020182 1
711 0 GX000-09-2703409 2
711 0 GX000-69-6846304 0
711 0 GX002-32-11106344 0
711 0 GX006-49-1900851 0
711 0 GX010-40-4240393 1
711 0 GX010-56-7374415 0
711 0 GX012-59-12828456 0
711 0 GX013-41-11458715 1
711 0 GX015-06-2467230 0
711 0 GX020-36-14224421 0
711 0 GX028-99-9654430 1
711 0 GX031-54-4169640 0
711 0 GX069-45-0565578 1
711 0 GX075-84-11484781 0
711 0 GX225-91-7770564 1
711 0 GX230-33-5444474 0
711 0 GX231-70-11797173 0
711 0 GX233-02-16464390 0
711 0 GX233-78-16483183 0
711 0 GX237-12-11280377 0
711 0 GX237-41-8079240 0
711 0 GX238-12-13064889 0
711 0 GX239-46-6755260 0
711 0 GX240-09-16142035 0
711 0 GX241-45-10854109 0
711 0 GX242-91-11305226 0
711 0 GX251-46-3401846 0
711 0 GX251-50-5918374 0
711 0 GX254-29-16033267 0
711 0 GX256-71-0219482 0
711 0 GX256-71-7960928 1
711 0 GX257-66-12651441 0
711 0 GX260-16-1955567 0
711 0 GX260-73-13860753 0
711 0 GX261-20-3635133 0
711 0 GX261-43-13881231 0
711 0 GX261-65-15471713 0
711 0 GX261-87-10785018 0
711 0 GX265-01-11592518 0
711 0 GX268-29-12847458 0
712 0 GX001-43-0085597 1
712 0 GX005-48-15082217 1
712 0 GX010-87-0022787 2
712 0 GX012-52-3036515 0
712 0 GX017-94-8135072 2
712 0 GX022-50-0009125 2
712 0 GX022-59-12383077 1
712 0 GX023-29-11275981 2
712 0 GX026-98-1293521 2
712 0 GX028-59-2393765 1
712 0 GX033-02-16565787 2
712 0 GX039-27-5055619 2
712 0 GX040-53-7618681 1
712 0 GX042-93-5729683 1
712 0 GX079-61-6655408 1
712 0 GX227-53-3413950 1
712 0 GX231-87-8372508 1
712 0 GX233-31-16250765 2
712 0 GX233-42-13369556 1
712 0 GX233-42-4224750 2
712 0 GX233-70-4881516 2
712 0 GX234-13-4654151 1
712 0 GX234-48-1061082 1
712 0 GX234-51-5074069 0
712 0 GX235-02-3544566 2
712 0 GX237-71-10604519 2
712 0 GX238-48-2081881 2
712 0 GX238-51-14158726 2
712 0 GX244-07-16145528 0
712 0 GX249-66-15520117 1
712 0 GX252-03-14663851 1
712 0 GX255-52-5120856 1
712 0 GX257-64-7978930 2
712 0 GX263-76-1429980 1
712 0 GX264-27-8754360 2
712 0 GX267-93-11079414 2
712 0 GX268-81-10971432 1
712 0 GX272-39-6943598 2
713 0 GX021-56-0753927 0
713 0 GX023-29-8603905 0
713 0 GX029-33-12693884 1
713 0 GX066-88-12622873 0
713 0 GX080-76-15657763 0
713 0 GX113-87-1601409 2
713 0 GX228-20-4909978 0
713 0 GX228-41-9010517 0
713 0 GX234-37-2502576 0
713 0 GX235-21-9678472 0
713 0 GX237-19-6905284 0
713 0 GX237-96-0759701 0
713 0 GX238-39-8334591 0
713 0 GX240-87-3277355 2
713 0 GX241-15-4337288 2
713 0 GX241-50-3255707 0
713 0 GX241-58-8773705 2
713 0 GX241-85-7094895 2
713 0 GX242-22-13266483 2
713 0 GX242-75-6066287 1
713 0 GX242-85-9310576 2
713 0 GX243-21-11559539 0
713 0 GX243-32-1952157 2
713 0 GX244-03-6702741 2
713 0 GX244-44-1137477 2
713 0 GX245-52-1190330 0
713 0 GX245-81-0384711 0
713 0 GX247-92-3309917 1
713 0 GX249-15-4141453 1
713 0 GX250-49-3090204 2
713 0 GX250-90-9016037 1
713 0 GX251-28-1227897 2
713 0 GX252-04-1962594 2
713 0 GX253-42-8683509 2
713 0 GX253-86-14723640 2
713 0 GX255-06-7601569 2
713 0 GX255-12-5994883 1
713 0 GX255-13-0372574 1
713 0 GX256-83-11559847 2
713 0 GX260-58-12697244 2
713 0 GX261-10-9975948 2
713 0 GX262-48-16511750 0
713 0 GX263-79-11763006 2
713 0 GX268-44-14627838 2
713 0 GX268-44-16055966 2
713 0 GX272-04-8612731 0
714 0 GX004-52-11211460 0
714 0 GX005-82-0418502 2
714 0 GX024-21-8808558 1
714 0 GX024-21-8854148 1
714 0 GX024-28-12746267 2
714 0 GX024-40-9177087 0
714 0 GX030-35-15523356 0
714 0 GX030-35-3028146 0
714 0 GX229-13-4367716 0
714 0 GX230-17-0739983 0
714 0 GX230-88-16182282 0
714 0 GX231-02-14178195 0
714 0 GX231-29-9626020 0
714 0 GX231-46-2838862 0
714 0 GX234-58-3336501 0
714 0 GX237-33-5335919 1
714 0 GX238-98-6238053 0
714 0 GX239-02-7922430 0
714 0 GX245-30-6841891 0
714 0 GX245-37-16418143 1
714 0 GX245-40-13733752 0
714 0 GX247-14-9188425 1
714 0 GX248-46-13713045 1
714 0 GX248-46-3853768 1
714 0 GX248-93-1841555 0
714 0 GX249-94-9625890 1
714 0 GX251-76-3822891 1
714 0 GX251-78-13184589 0
714 0 GX256-20-13935412 0
714 0 GX261-72-11971650 0
714 0 GX261-87-8103502 0
714 0 GX263-82-11443539 0
714 0 GX265-83-2344849 0
714 0 GX268-17-14826284 0
714 0 GX268-25-11322580 0
714 0 GX268-76-15687619 0
714 0 GX270-93-4499151 0
716 0 GX002-01-16503738 0
716 0 GX002-09-12860652 2
716 0 GX005-23-5015301 0
716 0 GX011-38-9908119 1
716 0 GX012-61-3658271 0
716 0 GX012-62-8042090 0
716 0 GX012-64-9003281 0
716 0 GX018-01-7599950 0
716 0 GX022-59-12383077 0
716 0 GX026-07-9875405 0
716 0 GX026-34-12838550 1
716 0 GX026-57-11276207 2
716 0 GX027-28-1139936 0
716 0 GX027-60-9228196 0
716 0 GX033-81-0973410 0
716 0 GX034-84-2322785 0
716 0 GX035-96-14550303 0
716 0 GX038-95-10528741 0
716 0 GX042-30-6399915 0
716 0 GX043-35-6191388 2
716 0 GX046-56-1876649 1
716 0 GX052-66-3951143 0
716 0 GX062-04-5824151 0
716 0 GX069-65-5422067 0
716 0 GX069-67-0820482 0
716 0 GX070-60-16087461 0
716 0 GX071-18-9648156 0
716 0 GX074-67-16313888 0
716 0 GX131-45-1558501 0
716 0 GX232-86-4951346 1
716 0 GX234-19-10959163 0
716 0 GX234-28-1251260 0
716 0 GX240-39-16728003 0
716 0 GX241-60-13376220 0
716 0 GX246-76-1964977 2
716 0 GX250-98-0888237 2
716 0 GX257-93-1720772 0
716 0 GX259-43-8858535 0
716 0 GX270-11-5972758 0
722 0 GX006-82-12315871 0
722 0 GX014-65-3563921 1
722 0 GX019-22-3409182 2
722 0 GX053-55-14832197 1
722 0 GX063-11-10301215 1
722 0 GX069-46-5199976 2
722 0 GX081-64-15124053 2
722 0 GX089-46-9433333 0
722 0 GX229-28-4786902 0
722 0 GX232-16-9821818 1
722 0 GX233-07-7630088 0
722 0 GX235-06-1051378 1
722 0 GX235-33-6678090 0
722 0 GX237-93-2305941 0
722 0 GX238-10-14304749 0
722 0 GX240-56-9595971 0
722 0 GX243-04-11623630 1
722 0 GX243-61-5644905 2
722 0 GX251-26-15588681 0
722 0 GX255-16-3710871 2
722 0 GX256-12-6783569 2
722 0 GX256-24-14913875 2
722 0 GX256-59-3824804 2
722 0 GX256-99-16682538 2
722 0 GX257-16-1051065 1
722 0 GX259-49-10818666 1
722 0 GX259-90-13245019 2
722 0 GX260-59-13195488 2
722 0 GX260-99-13281963 2
722 0 GX261-10-4807934 2
722 0 GX261-56-15379075 2
723 0 GX004-05-11052588 1
723 0 GX004-68-5880898 1
723 0 GX006-89-6929690 1
723 0 GX011-37-0107964 2
723 0 GX011-42-6196862 2
723 0 GX011-71-13567626 2
723 0 GX011-78-14810740 2
723 0 GX011-84-5856309 2
723 0 GX012-03-6454557 2
723 0 GX016-66-7308971 2
723 0 GX017-35-3559376 1
723 0 GX026-21-6954537 1
723 0 GX029-42-5826711 2
723 0 GX038-70-14331677 2
723 0 GX042-26-15606416 1
723 0 GX044-61-16726360 0
723 0 GX046-28-10646757 2
723 0 GX051-08-5473836 1
723 0 GX054-46-7640599 0
723 0 GX066-37-11369171 0
723 0 GX066-95-10408250 2
723 0 GX080-20-1851336 1
723 0 GX083-83-4475082 0
723 0 GX095-70-0863073 0
723 0 GX130-84-16036993 2
723 0 GX145-67-7719824 1
723 0 GX170-96-8441351 0
723 0 GX201-63-15574639 0
723 0 GX230-97-9036191 0
723 0 GX232-42-5263350 1
723 0 GX233-64-13883688 0
723 0 GX235-03-12205097 0
723 0 GX236-53-4973472 1
723 0 GX243-56-3968925 0
723 0 GX246-69-16644076 0
723 0 GX247-44-2509657 2
723 0 GX254-46-5778137 0
723 0 GX254-79-14314570 0
723 0 GX255-22-16559181 0
723 0 GX257-18-14002148 0
723 0 GX261-63-10205899 0
723 0 GX262-22-9565249 1
724 0 GX000-98-11305946 1
724 0 GX002-08-1833669 0
724 0 GX006-82-12315871 0
724 0 GX008-15-0860531 1
724 0 GX008-20-9189520 1
724 0 GX009-25-9837094 0
724 0 GX016-66-7308971 0
724 0 GX017-78-2438266 1
724 0 GX022-46-4416489 0
724 0 GX022-62-5865865 1
724 0 GX026-21-6954537 0
724 0 GX039-61-1133729 0
724 0 GX046-71-7686865 0
724 0 GX051-08-5473836 0
724 0 GX055-50-1007746 0
724 0 GX070-37-2649398 1
724 0 GX074-32-8691606 0
724 0 GX075-61-14074309 0
724 0 GX079-16-8498558 0
724 0 GX082-85-0060123 0
724 0 GX087-71-3016784 0
724 0 GX093-07-1425544 0
724 0 GX094-24-5952201 0
724 0 GX103-04-16694675 0
724 0 GX105-37-5079935 0
724 0 GX118-01-0534056 0
724 0 GX130-45-2749427 0
724 0 GX130-84-16036993 0
724 0 GX134-59-8444434 0
724 0 GX143-50-7683833 0
724 0 GX146-15-2534811 0
724 0 GX147-47-9918080 0
724 0 GX151-90-4992474 0
724 0 GX156-14-10270913 0
724 0 GX182-12-9079601 0
724 0 GX196-87-16410917 0
724 0 GX225-79-13747494 0
724 0 GX226-24-3290807 0
724 0 GX232-16-9821818 0
724 0 GX232-42-5263350 0
724 0 GX235-06-1051378 0
724 0 GX236-53-4973472 0
724 0 GX240-66-1033049 0
724 0 GX243-61-5644905 0
724 0 GX251-26-15490915 0
724 0 GX255-16-3710871 0
724 0 GX256-12-6783569 0
724 0 GX256-24-14913875 0
724 0 GX256-59-3824804 0
724 0 GX256-99-16682538 0
724 0 GX257-16-1051065 0
724 0 GX259-90-13245019 0
724 0 GX260-59-13195488 0
724 0 GX260-99-13281963 0
724 0 GX261-10-4807934 0
724 0 GX261-56-15379075 0
725 0 GX001-06-8404221 0
725 0 GX002-85-3896522 0
725 0 GX004-01-11989162 0
725 0 GX004-44-4958806 0
725 0 GX005-40-8515750 0
725 0 GX005-65-1397330 0
725 0 GX006-29-9238736 0
725 0 GX010-75-1336863 0
725 0 GX014-33-6016833 0
725 0 GX016-25-15804529 1
725 0 GX016-39-8735560 1
725 0 GX016-64-15836350 1
725 0 GX021-86-8197321 1
725 0 GX022-09-16188802 1
725 0 GX025-66-10756557 0
725 0 GX025-66-4710997 0
725 0 GX025-74-9313818 0
725 0 GX025-75-16216007 0
725 0 GX025-81-15111278 0
725 0 GX026-00-15557747 1
725 0 GX027-55-2509079 1
725 0 GX027-57-14746895 1
725 0 GX027-61-13947880 1
725 0 GX035-68-7541789 0
725 0 GX041-67-6475543 0
725 0 GX045-82-6771907 0
725 0 GX047-91-7656668 1
725 0 GX052-30-10281239 1
725 0 GX055-95-14844090 0
725 0 GX060-68-15727738 0
725 0 GX060-74-3259857 1
725 0 GX061-25-13981348 0
725 0 GX077-08-13502532 1
725 0 GX206-72-16638595 0
725 0 GX221-00-6613778 0
725 0 GX237-19-14749559 0
725 0 GX238-11-0181032 0
725 0 GX239-46-16733416 0
725 0 GX242-34-1417256 0
725 0 GX243-50-1618809 0
725 0 GX245-43-1916269 1
725 0 GX249-13-4025085 0
725 0 GX255-85-12134379 1
725 0 GX261-52-7416626 0
725 0 GX262-04-0023838 0
727 0 GX001-07-10752136 1
727 0 GX003-79-2665298 2
727 0 GX004-02-9986199 0
727 0 GX004-60-11933961 2
727 0 GX007-02-12414179 2
727 0 GX007-68-4405717 0
727 0 GX008-75-4078485 0
727 0 GX009-24-15435843 1
727 0 GX016-31-13674537 2
727 0 GX016-73-6275996 1
727 0 GX017-83-5413779 0
727 0 GX029-77-16655536 1
727 0 GX029-79-2451902 1
727 0 GX034-25-3540588 0
727 0 GX034-25-4216420 0
727 0 GX034-26-11366245 1
727 0 GX034-26-5430656 1
727 0 GX034-26-7536796 0
727 0 GX034-26-7627951 1
727 0 GX040-16-10879578 1
727 0 GX040-63-2160456 0
727 0 GX041-28-8595928 0
727 0 GX043-04-13445297 0
727 0 GX047-50-5708112 0
727 0 GX055-45-5836689 1
727 0 GX055-49-6373828 0
727 0 GX055-63-11553617 1
727 0 GX055-69-11027380 1
727 0 GX055-75-8635837 0
727 0 GX055-76-11125467 1
727 0 GX065-30-12214776 1
727 0 GX065-37-7366413 1
727 0 GX081-55-7544468 0
727 0 GX098-35-2984749 0
727 0 GX151-61-12742501 1
727 0 GX233-26-1620897 0
727 0 GX234-29-10406776 0
727 0 GX236-43-8327531 0
727 0 GX237-25-7779619 1
727 0 GX239-23-5933747 0
727 0 GX241-70-14423465 0
727 0 GX243-35-11861587 1
727 0 GX250-08-10474117 0
727 0 GX251-13-11915454 0
727 0 GX270-39-3274593 0
727 0 GX270-43-15995450 1
729 0 GX003-20-15561399 0
729 0 GX004-05-11052588 0
729 0 GX007-34-11003655 0
729 0 GX012-80-10678972 1
729 0 GX015-46-13202292 0
729 0 GX021-69-7441405 0
729 0 GX040-92-5087650 0
729 0 GX046-89-2132993 0
729 0 GX048-21-3302291 0
729 0 GX059-92-5260018 0
729 0 GX063-17-16304955 0
729 0 GX067-45-11920944 0
729 0 GX069-58-9676642 0
729 0 GX080-72-6425825 0
729 0 GX095-61-11486545 0
729 0 GX098-04-9007596 0
729 0 GX141-85-0759327 0
729 0 GX227-96-6804845 0
729 0 GX246-66-9881493 0
729 0 GX246-79-13977676 0
729 0 GX247-01-6450973 0
729 0 GX247-74-6339766 0
729 0 GX248-08-8711581 0
729 0 GX248-24-5294126 0
729 0 GX249-39-2850190 0
729 0 GX249-69-8964698 0
729 0 GX250-14-5559818 0
729 0 GX250-46-13958585 0
729 0 GX250-82-2982814 0
729 0 GX251-78-3969127 0
729 0 GX251-81-7927571 0
729 0 GX255-17-1813294 0
729 0 GX265-46-0060822 0
729 0 GX267-91-11264637 0
730 0 GX001-86-3512020 1
730 0 GX002-47-9843744 2
730 0 GX003-20-4924017 0
730 0 GX003-29-10711720 0
730 0 GX005-02-4464054 1
730 0 GX005-65-1397330 0
730 0 GX006-29-9238736 0
730 0 GX007-35-11148540 1
730 0 GX007-60-3019992 0
730 0 GX009-45-11723421 0
730 0 GX010-03-10089600 1
730 0 GX010-23-15678456 0
730 0 GX010-42-7125010 0
730 0 GX012-83-9941255 1
730 0 GX012-94-0685684 1
730 0 GX015-32-10433276 2
730 0 GX015-70-4167269 1
730 0 GX021-28-8952790 1
730 0 GX042-83-11589615 0
730 0 GX043-04-10175853 1
730 0 GX053-11-8123912 0
730 0 GX054-69-5609826 0
730 0 GX056-99-16683609 0
730 0 GX062-61-1338105 0
730 0 GX074-99-11082839 1
730 0 GX082-55-1019325 0
730 0 GX105-97-5158448 0
730 0 GX145-99-9783129 0
730 0 GX230-56-5973216 0
730 0 GX232-11-4389437 1
730 0 GX232-99-0001353 1
730 0 GX234-88-1054503 0
730 0 GX240-31-13546854 0
730 0 GX243-58-6973567 1
730 0 GX254-37-4792579 0
730 0 GX256-45-14492043 1
730 0 GX257-77-6830445 0
730 0 GX262-43-10315912 1
730 0 GX267-35-12070030 0
733 0 GX000-29-8328421 0
733 0 GX003-65-9397582 0
733 0 GX004-23-5347689 0
733 0 GX005-08-8873803 2
733 0 GX006-05-6317473 2
733 0 GX006-56-8658175 0
733 0 GX007-22-11439805 0
733 0 GX007-33-3691989 1
733 0 GX007-54-2175462 1
733 0 GX008-17-5873085 1
733 0 GX008-90-1758029 1
733 0 GX013-74-7552273 0
733 0 GX015-85-1034597 0
733 0 GX023-05-12286093 0
733 0 GX026-89-14280859 0
733 0 GX028-84-14233612 1
733 0 GX033-76-6625972 0
733 0 GX034-48-13674170 0
733 0 GX041-44-12926522 0
733 0 GX046-34-8746738 1
733 0 GX047-96-3355830 1
733 0 GX057-20-6947592 0
733 0 GX064-43-15206722 0
733 0 GX064-43-9736582 0
733 0 GX066-77-12016566 0
733 0 GX070-18-2661377 2
733 0 GX134-50-1701043 0
733 0 GX145-53-3659571 0
733 0 GX145-56-13803677 0
733 0 GX145-56-8218397 0
733 0 GX156-69-4089793 0
733 0 GX180-19-7639301 0
733 0 GX227-47-1477729 2
733 0 GX230-64-7357979 0
733 0 GX232-09-11936186 1
733 0 GX234-73-2579081 1
733 0 GX236-55-15001500 0
733 0 GX240-04-4216182 0
733 0 GX251-07-0933113 0
733 0 GX252-13-14007619 0
733 0 GX252-33-9545454 1
733 0 GX252-58-7075943 0
733 0 GX252-77-13936202 0
733 0 GX256-75-3081043 1
733 0 GX256-84-10205736 0
733 0 GX257-83-11731196 2
733 0 GX259-33-9792347 1
733 0 GX260-77-12142429 1
733 0 GX261-93-15694512 1
733 0 GX268-39-4557441 0
733 0 GX268-54-8290002 0
735 0 GX012-16-4966919 2
735 0 GX016-46-15939314 0
735 0 GX017-68-13943308 0
735 0 GX020-47-15367411 0
735 0 GX020-69-12254259 0
735 0 GX020-73-9946416 0
735 0 GX024-50-15429036 1
735 0 GX026-69-12728019 2
735 0 GX027-59-12212600 0
735 0 GX030-45-15369635 0
735 0 GX030-96-1819564 0
735 0 GX038-37-1486264 1
735 0 GX038-61-12270163 0
735 0 GX038-83-4991414 0
735 0 GX044-63-7396726 0
735 0 GX045-62-2591752 0
735 0 GX047-91-5024058 0
735 0 GX050-78-9444977 0
735 0 GX051-19-5133766 0
735 0 GX053-76-3170604 1
735 0 GX054-64-16211491 0
735 0 GX055-95-10271296 0
735 0 GX060-73-1148806 0
735 0 GX232-11-3430864 0
735 0 GX237-98-8775079 0
735 0 GX238-81-5416837 1
735 0 GX254-71-10322303 1
735 0 GX256-47-3100554 0
735 0 GX260-70-8779175 1
735 0 GX261-71-15887160 1
735 0 GX262-22-16536810 1
737 0 GX003-19-10052082 2
737 0 GX005-24-16635121 2
737 0 GX008-67-12031197 0
737 0 GX016-31-2100354 2
737 0 GX016-56-16261250 1
737 0 GX017-48-0392677 1
737 0 GX019-84-13366992 0
737 0 GX022-83-12347741 2
737 0 GX024-47-13958310 1
737 0 GX027-31-8572896 2
737 0 GX029-06-4661961 2
737 0 GX029-10-1103518 0
737 0 GX030-99-8998803 0
737 0 GX035-19-0800168 1
737 0 GX041-70-4331887 0
737 0 GX041-89-5836923 2
737 0 GX052-69-13719571 2
737 0 GX052-90-13158707 2
737 0 GX055-09-4063973 2
737 0 GX055-37-15012238 2
737 0 GX055-73-12254541 1
737 0 GX065-89-14338466 1
737 0 GX067-95-16725947 1
737 0 GX068-02-0313504 1
737 0 GX068-05-16307443 0
737 0 GX068-09-8808594 2
737 0 GX072-90-16570122 1
737 0 GX100-79-5890674 1
737 0 GX117-02-9569945 1
737 0 GX119-91-12814865 0
737 0 GX230-52-15402873 1
737 0 GX230-86-9717699 1
737 0 GX232-96-13853404 1
737 0 GX237-92-6772555 0
737 0 GX238-98-0852494 1
737 0 GX240-01-16541721 1
737 0 GX240-66-1033049 0
737 0 GX242-16-7138628 1
737 0 GX243-00-13488155 1
737 0 GX251-52-7467576 1
737 0 GX253-39-5037415 0
737 0 GX253-88-13161350 0
737 0 GX256-10-1118243 0
737 0 GX259-84-13920633 2
737 0 GX260-53-11897158 2
738 0 GX000-76-13196608 0
738 0 GX002-31-15360131 1
738 0 GX002-41-8193706 1
738 0 GX003-53-9987165 0
738 0 GX003-63-9207514 0
738 0 GX006-42-15335963 1
738 0 GX009-60-11816999 2
738 0 GX012-18-2680242 0
738 0 GX012-43-0650616 1
738 0 GX012-50-2664354 1
738 0 GX017-01-3196522 1
738 0 GX017-66-14467043 0
738 0 GX019-99-7053346 1
738 0 GX021-74-16720731 1
738 0 GX033-80-1485499 0
738 0 GX037-89-8599111 0
738 0 GX040-23-4232990 1
738 0 GX042-71-5665734 1
738 0 GX047-15-5623091 0
738 0 GX048-46-2709423 1
738 0 GX050-99-6701140 0
738 0 GX056-13-10910996 1
738 0 GX056-98-16589941 1
738 0 GX074-72-7362576 0
738 0 GX087-61-12379524 1
738 0 GX165-50-3488760 1
738 0 GX235-93-6814575 0
738 0 GX237-86-15337321 1
738 0 GX242-62-7229976 1
738 0 GX242-76-0017048 1
738 0 GX243-03-14981284 1
738 0 GX244-44-0901432 0
738 0 GX253-35-11054418 1
738 0 GX261-21-5473442 1
738 0 GX264-53-2498381 1
738 0 GX267-72-1337466 0
738 0 GX268-26-10467629 1
738 0 GX269-03-5946259 0
738 0 GX269-16-11472617 1
739 0 GX000-47-16664622 1
739 0 GX018-22-7370077 0
739 0 GX044-52-7492655 0
739 0 GX049-18-6309089 0
739 0 GX166-46-12605484 1
739 0 GX211-53-13952854 0
739 0 GX230-85-6655296 0
739 0 GX234-97-12045326 0
739 0 GX236-50-13403614 0
739 0 GX237-21-5568174 0
739 0 GX240-92-7416536 0
739 0 GX250-38-4377042 1
739 0 GX250-45-13640719 1
739 0 GX252-95-7775147 0
739 0 GX255-06-7601569 0
739 0 GX256-29-1611571 0
739 0 GX256-71-7373855 1
739 0 GX258-10-15854557 0
739 0 GX260-91-9377046 0
739 0 GX261-03-9419964 0
739 0 GX261-14-7018555 0
739 0 GX262-58-6470241 0
739 0 GX263-29-9742008 0
739 0 GX267-76-6000496 0
739 0 GX268-44-1955857 0
739 0 GX269-46-11796393 0
739 0 GX272-36-14479646 0
740 0 GX000-53-0788254 0
740 0 GX000-65-2909487 0
740 0 GX000-85-1129126 0
740 0 GX001-08-7866949 0
740 0 GX001-82-12722609 0
740 0 GX004-20-13012991 0
740 0 GX008-53-1436274 1
740 0 GX044-10-15979811 0
740 0 GX044-24-0113937 0
740 0 GX046-03-12845716 0
740 0 GX046-64-15984396 0
740 0 GX083-67-2451131 0
740 0 GX225-74-12578679 0
740 0 GX231-51-12806291 0
740 0 GX234-61-8020877 1
740 0 GX236-62-5340935 0
740 0 GX238-62-14115984 0
740 0 GX240-12-11805611 0
740 0 GX241-00-1030103 0
740 0 GX241-58-8773705 0
740 0 GX241-88-6111787 0
740 0 GX242-54-0999505 0
740 0 GX244-77-13676750 0
740 0 GX244-84-13275958 0
740 0 GX244-85-9972911 0
740 0 GX244-93-3673149 1
740 0 GX245-65-7175052 0
740 0 GX247-19-0832232 0
740 0 GX248-73-4320232 0
740 0 GX248-92-13590837 0
740 0 GX251-94-6838310 0
740 0 GX252-48-11793468 0
740 0 GX255-06-7601569 0
740 0 GX255-12-5994883 0
740 0 GX263-15-16009804 1
740 0 GX263-24-0198074 0
740 0 GX263-71-10399101 0
740 0 GX264-07-16002632 0
740 0 GX264-28-2445174 1
740 0 GX264-57-14247325 0
740 0 GX264-64-11084974 1
740 0 GX265-06-5380204 2
740 0 GX265-56-14810311 0
740 0 GX265-60-5380139 0
740 0 GX266-99-4300156 0
740 0 GX267-70-14024521 0
740 0 GX268-39-0599688 0
740 0 GX268-44-16055966 0
740 0 GX270-23-5925323 1
740 0 GX270-57-0055934 0
740 0 GX270-59-16204205 1
740 0 GX270-83-3853615 1
740 0 GX270-93-4603181 0
740 0 GX271-15-9879250 0
740 0 GX271-66-5397243 0
740 0 GX271-89-9415561 1
740 0 GX272-03-15560908 0
740 0 GX272-64-9342427 0
740 0 GX272-81-5867054 0
741 0 GX000-10-4524900 1
741 0 GX000-64-5866723 1
741 0 GX001-63-3522545 0
741 0 GX002-55-15535006 0
741 0 GX005-81-4402690 1
741 0 GX006-49-12433770 0
741 0 GX009-94-14808324 0
741 0 GX014-94-3883651 0
741 0 GX016-43-0594936 0
741 0 GX023-74-5512844 0
741 0 GX025-08-0417280 0
741 0 GX027-46-5721280 0
741 0 GX045-33-1237606 0
741 0 GX045-47-5287800 0
741 0 GX067-27-15132304 0
741 0 GX067-28-0476754 0
741 0 GX068-03-12817035 0
741 0 GX068-59-1192385 0
741 0 GX074-32-10915076 0
741 0 GX074-74-3524237 0
741 0 GX075-28-11730298 0
741 0 GX081-88-15175374 0
741 0 GX083-30-5229978 0
741 0 GX083-70-9283309 0
741 0 GX134-61-14786546 0
741 0 GX157-15-4009456 0
741 0 GX160-97-14180874 0
741 0 GX161-26-3022977 0
741 0 GX161-40-14898113 0
741 0 GX163-59-16167630 0
741 0 GX170-89-8707687 0
741 0 GX172-62-16170307 0
741 0 GX180-78-4227441 0
741 0 GX181-34-12980023 0
741 0 GX182-42-10353406 0
741 0 GX189-56-9645348 0
741 0 GX197-79-15850228 0
741 0 GX229-33-5702910 0
741 0 GX229-81-14060162 0
741 0 GX231-28-13226794 0
741 0 GX255-70-11275467 0
741 0 GX259-82-4597892 0
741 0 GX260-77-11880311 0
741 0 GX261-04-11195943 0
741 0 GX261-21-4855442 0
743 0 GX001-46-16382383 0
743 0 GX004-20-13012991 0
743 0 GX006-07-3444642 0
743 0 GX006-08-11929645 0
743 0 GX025-09-9454936 1
743 0 GX040-54-6468774 0
743 0 GX042-80-9679861 0
743 0 GX047-37-15455847 0
743 0 GX057-54-8464514 0
743 0 GX063-20-0705237 0
743 0 GX089-50-9947514 2
743 0 GX134-50-1701043 0
743 0 GX142-16-13207100 0
743 0 GX181-01-15942716 0
743 0 GX228-89-9137293 0
743 0 GX230-90-13905855 1
743 0 GX243-42-13616013 0
743 0 GX243-83-4237208 0
743 0 GX243-97-0649005 0
743 0 GX244-00-2867163 0
743 0 GX253-87-16296738 0
743 0 GX262-16-6201074 1
743 0 GX262-64-14234180 0
745 0 GX001-98-0763964 2
745 0 GX004-20-13012991 0
745 0 GX006-18-8115779 0
745 0 GX008-32-2671718 1
745 0 GX016-39-4419888 0
745 0 GX017-39-8271228 0
745 0 GX017-59-10199867 0
745 0 GX018-49-2810081 1
745 0 GX019-99-7053346 1
745 0 GX023-78-7211687 0
745 0 GX028-94-6517074 1
745 0 GX030-85-0586519 0
745 0 GX033-80-1485499 0
745 0 GX036-28-13590232 1
745 0 GX037-44-12579861 0
745 0 GX037-89-8599111 1
745 0 GX043-70-9887702 0
745 0 GX050-73-5195411 0
745 0 GX050-78-4231284 0
745 0 GX057-87-6701199 1
745 0 GX059-41-4976480 0
745 0 GX060-86-12683940 0
745 0 GX067-79-11783737 0
745 0 GX067-94-8848857 1
745 0 GX071-82-16661239 0
745 0 GX076-73-9671657 1
745 0 GX086-18-7623882 1
745 0 GX097-83-12508127 1
745 0 GX115-80-9350593 1
745 0 GX133-56-10148278 1
745 0 GX155-77-6891182 1
745 0 GX168-63-13162107 0
745 0 GX226-07-10505817 0
745 0 GX232-71-8239420 1
745 0 GX240-07-8458032 1
745 0 GX243-03-14981284 1
745 0 GX244-94-15161827 1
745 0 GX255-65-1260480 1
745 0 GX260-73-13860753 1
745 0 GX264-53-2498381 1
745 0 GX269-16-11472617 1
745 0 GX272-48-7729113 0
746 0 GX001-97-16320609 2
746 0 GX004-90-7192831 2
746 0 GX011-79-10070269 2
746 0 GX015-97-14187994 1
746 0 GX016-34-15205126 2
746 0 GX018-47-6214037 1
746 0 GX028-84-12642409 1
746 0 GX031-15-0097201 2
746 0 GX042-33-7941751 2
746 0 GX043-14-10596235 2
746 0 GX047-85-16493242 2
746 0 GX048-20-15461056 1
746 0 GX048-75-3557581 2
746 0 GX072-01-3268893 1
746 0 GX073-35-4708501 2
746 0 GX086-01-12128488 2
746 0 GX090-59-12630445 2
746 0 GX093-30-9024359 2
746 0 GX099-85-1388511 2
746 0 GX103-45-4205690 2
746 0 GX188-72-2018402 2
746 0 GX226-67-3888008 0
746 0 GX232-90-5680391 0
746 0 GX234-65-0061241 2
746 0 GX235-34-3937239 1
746 0 GX239-01-8714928 2
746 0 GX239-39-16159188 1
746 0 GX242-08-5482437 2
746 0 GX250-46-2833563 0
746 0 GX256-78-10732355 2
746 0 GX257-28-11106222 2
746 0 GX260-38-14176518 1
746 0 GX260-51-14512745 0
746 0 GX265-31-14154643 2
746 0 GX265-84-7041783 2
746 0 GX271-29-3328059 2
747 0 GX004-08-5350982 0
747 0 GX004-38-14226826 0
747 0 GX006-30-4881156 0
747 0 GX014-35-7578949 0
747 0 GX018-77-7410456 0
747 0 GX029-17-10466812 0
747 0 GX033-02-12380759 0
747 0 GX034-20-13058451 0
747 0 GX049-71-15092292 0
747 0 GX058-69-8280576 0
747 0 GX074-13-12099025 0
747 0 GX231-18-11607921 0
747 0 GX231-55-15485737 0
747 0 GX232-27-0815628 0
747 0 GX233-05-9583623 0
747 0 GX234-60-9860711 0
747 0 GX234-98-4792896 1
747 0 GX237-79-5984317 0
747 0 GX238-93-6480553 0
747 0 GX240-39-16728003 0
747 0 GX241-13-14960312 0
747 0 GX247-08-16020366 2
747 0 GX250-09-16391353 2
747 0 GX253-62-1725908 2
747 0 GX253-95-4998145 0
747 0 GX255-39-6047230 0
747 0 GX255-97-3591075 0
747 0 GX256-15-4053966 0
747 0 GX256-57-5665543 0
747 0 GX257-58-1052846 2
747 0 GX257-85-7401430 2
747 0 GX261-93-7846309 0
747 0 GX266-61-2695171 0
747 0 GX270-94-7563339 1
747 0 GX271-73-10961492 0
747 0 GX271-99-16188882 0
747 0 GX272-12-3112993 0
747 0 GX272-62-9424647 0
749 0 GX000-34-9679963 0
749 0 GX000-75-6612197 1
749 0 GX003-92-12811903 1
749 0 GX003-96-2107373 1
749 0 GX004-27-4737115 1
749 0 GX004-64-8450144 1
749 0 GX004-76-11859934 1
749 0 GX004-81-3891531 1
749 0 GX009-09-11308474 0
749 0 GX011-33-2690451 1
749 0 GX011-34-13726441 1
749 0 GX012-01-9298450 0
749 0 GX012-55-8727084 0
749 0 GX019-61-0434603 0
749 0 GX024-95-12710212 0
749 0 GX027-63-0530736 1
749 0 GX039-42-8013589 0
749 0 GX040-26-9845617 0
749 0 GX044-74-9685821 0
749 0 GX045-37-2626343 1
749 0 GX045-44-14908338 0
749 0 GX049-19-9024443 0
749 0 GX049-66-10167231 0
749 0 GX053-05-5054087 0
749 0 GX053-45-15895477 0
749 0 GX053-60-4502527 1
749 0 GX066-22-13976705 1
749 0 GX066-23-4010680 1
749 0 GX083-43-0842918 1
749 0 GX085-52-8905384 1
749 0 GX085-75-14289268 1
749 0 GX086-00-3200734 1
749 0 GX091-07-1565780 2
749 0 GX095-07-6752284 0
749 0 GX097-91-9701025 0
749 0 GX114-10-2733810 1
749 0 GX114-11-3445237 1
749 0 GX114-20-12149055 1
749 0 GX116-67-16005804 1
749 0 GX116-70-13618155 1
749 0 GX116-73-3178363 1
749 0 GX118-68-16279165 1
749 0 GX128-56-10499569 1
749 0 GX171-02-14666739 0
749 0 GX171-20-9717793 0
749 0 GX185-34-8765846 0
749 0 GX239-02-8625848 0
749 0 GX239-50-0018945 0
750 0 GX001-28-1213107 0
750 0 GX004-45-13410718 0
750 0 GX005-27-9142235 0
750 0 GX005-45-0475979 0
750 0 GX006-02-13285876 0
750 0 GX006-18-8115779 0
750 0 GX006-42-15335963 0
750 0 GX008-29-15595938 1
750 0 GX008-33-8895013 0
750 0 GX008-89-13408841 0
750 0 GX010-67-10716880 0
750 0 GX014-75-11217120 0
750 0 GX016-03-6335156 0
750 0 GX016-90-16266790 0
750 0 GX019-49-15724232 0
750 0 GX020-37-6587315 0
750 0 GX025-63-11761846 0
750 0 GX026-10-6349265 0
750 0 GX026-16-11928943 0
750 0 GX027-18-10108767 0
750 0 GX027-74-8681742 0
750 0 GX032-08-7220157 0
750 0 GX038-61-12270163 0
750 0 GX041-77-0772753 0
750 0 GX062-50-7064386 0
750 0 GX064-27-7852734 0
750 0 GX066-32-13481922 0
750 0 GX071-59-9325017 0
750 0 GX086-20-3453356 0
750 0 GX097-29-15216539 0
750 0 GX105-14-16036442 0
750 0 GX233-86-13327098 0
750 0 GX234-42-9347863 0
750 0 GX243-81-3284530 0
750 0 GX250-38-7187441 0
750 0 GX252-11-6444744 0
750 0 GX260-54-5355139 0
750 0 GX263-04-7220339 0
750 0 GX266-12-2124404 0
750 0 GX266-34-3726158 0
750 0 GX267-33-8320528 0
750 0 GX267-71-9676324 0
750 0 GX267-96-13201596 0
750 0 GX269-97-3919248 0
750 0 GX270-85-12054178 0
750 0 GX271-30-10637840 0
750 0 GX271-80-2290494 0
751 0 GX011-78-9258635 0
751 0 GX014-80-13664921 0
751 0 GX014-88-12762055 0
751 0 GX015-28-10728702 0
751 0 GX019-51-6125705 0
751 0 GX020-16-3222999 0
751 0 GX020-62-0115418 0
751 0 GX022-84-5952064 1
751 0 GX025-52-2425850 1
751 0 GX037-04-5819132 0
751 0 GX038-07-12193392 0
751 0 GX043-69-7303009 1
751 0 GX065-87-16342424 2
751 0 GX070-27-10960480 0
751 0 GX075-66-2639096 0
751 0 GX077-45-12210789 1
751 0 GX093-96-4242310 1
751 0 GX094-11-1201009 1
751 0 GX095-95-12130994 2
751 0 GX098-87-12182487 1
751 0 GX101-11-7758618 1
751 0 GX127-20-5794936 0
751 0 GX131-33-7230888 1
751 0 GX131-90-12251194 1
751 0 GX147-75-4934258 2
751 0 GX165-14-10550906 0
751 0 GX170-50-2341698 1
751 0 GX175-73-13385444 0
751 0 GX207-78-9757079 1
751 0 GX228-98-14789552 1
751 0 GX229-34-12927559 0
751 0 GX239-16-8252202 0
751 0 GX244-24-11710039 0
751 0 GX248-55-14158483 0
751 0 GX253-99-11953076 0
751 0 GX255-55-12099440 0
751 0 GX259-88-9097611 2
751 0 GX265-75-7264235 1
751 0 GX266-74-8427394 0
751 0 GX268-43-6949758 0
751 0 GX271-73-16521070 0
752 0 GX027-59-12212600 0
752 0 GX051-18-4919606 2
752 0 GX056-20-8440322 2
752 0 GX056-45-15695379 0
752 0 GX056-56-16099426 0
752 0 GX065-03-15338329 0
752 0 GX066-68-11598655 2
752 0 GX066-80-1635502 2
752 0 GX066-81-0413195 2
752 0 GX069-06-15070144 0
752 0 GX113-31-10932769 0
752 0 GX141-68-0151380 0
752 0 GX141-68-4435418 2
752 0 GX141-69-12102738 2
752 0 GX141-69-7086314 0
752 0 GX141-76-2021254 2
752 0 GX145-35-1995661 1
752 0 GX145-60-6379736 2
752 0 GX145-64-12702817 2
752 0 GX149-25-5533709 2
752 0 GX149-51-10251581 2
752 0 GX150-59-2263943 1
752 0 GX150-70-9367230 2
752 0 GX153-10-9318102 0
752 0 GX190-91-12201137 2
752 0 GX191-00-0507161 0
752 0 GX229-04-9409579 2
752 0 GX229-72-3327057 2
752 0 GX229-95-8882853 0
752 0 GX235-00-11952477 2
752 0 GX237-32-13878806 1
752 0 GX237-60-9963809 2
752 0 GX238-77-8962214 0
752 0 GX239-03-12845076 2
752 0 GX243-03-12376037 0
752 0 GX251-92-15655778 0
752 0 GX252-83-8089510 2
752 0 GX255-59-7437627 2
752 0 GX257-13-8853002 2
752 0 GX257-15-13475349 2
752 0 GX259-90-14713875 2
752 0 GX260-46-8634545 0
752 0 GX260-94-10890732 2
752 0 GX262-49-6038420 2
752 0 GX262-68-4979316 2
752 0 GX262-70-3482225 2
752 0 GX270-60-10681361 2
752 0 GX271-69-0257817 1
752 0 GX272-26-3308074 2
752 0 GX272-32-3281443 2
752 0 GX272-60-11033350 2
753 0 GX000-16-0145015 0
753 0 GX013-07-10794300 0
753 0 GX015-80-5577428 0
753 0 GX020-68-0724671 0
753 0 GX026-94-3151922 1
753 0 GX055-59-12790910 0
753 0 GX058-21-0044283 0
753 0 GX063-59-15996259 0
753 0 GX229-93-12331805 0
753 0 GX230-47-11769796 0
753 0 GX242-91-11305226 0
753 0 GX243-41-4063227 1
753 0 GX251-07-0772932 1
753 0 GX251-09-15641167 1
753 0 GX252-36-1084970 1
753 0 GX256-68-4996223 0
753 0 GX257-31-4296541 1
753 0 GX259-11-8762140 0
753 0 GX259-13-10682905 0
753 0 GX259-98-1573821 1
753 0 GX263-57-5703493 0
753 0 GX264-07-15224141 0
753 0 GX264-50-6421919 1
753 0 GX264-88-5622914 0
753 0 GX264-99-6015005 0
753 0 GX265-17-5156200 0
753 0 GX265-81-6482285 1
753 0 GX266-31-12022115 0
753 0 GX266-77-14425785 1
753 0 GX267-35-10021518 0
753 0 GX268-19-0890702 0
753 0 GX268-29-12847458 1
753 0 GX268-83-7421067 2
753 0 GX269-52-12630736 2
753 0 GX269-88-12713736 0
753 0 GX270-12-6978248 0
753 0 GX270-41-14981797 1
753 0 GX271-31-16667465 0
755 0 GX001-86-15669511 0
755 0 GX001-87-8151669 0
755 0 GX002-79-10846248 0
755 0 GX006-65-5755957 1
755 0 GX007-11-9323667 1
755 0 GX007-33-7195349 1
755 0 GX010-72-9415152 1
755 0 GX025-30-7697138 0
755 0 GX026-56-9787501 2
755 0 GX026-69-0425787 1
755 0 GX027-91-5669265 1
755 0 GX029-17-1728530 0
755 0 GX030-30-15395462 2
755 0 GX031-03-5495906 0
755 0 GX031-21-1679669 0
755 0 GX033-97-8077308 0
755 0 GX035-98-0922469 0
755 0 GX036-02-8584053 0
755 0 GX037-54-7811923 2
755 0 GX040-23-7504951 0
755 0 GX044-95-0750022 2
755 0 GX045-62-10004015 2
755 0 GX052-72-0976327 0
755 0 GX058-68-12935160 0
755 0 GX060-85-8129937 0
755 0 GX065-97-13539748 0
755 0 GX120-29-9310370 0
755 0 GX159-25-4000693 0
755 0 GX187-05-14264786 0
755 0 GX199-91-9919456 1
755 0 GX220-00-4433296 0
755 0 GX235-13-7975253 0
755 0 GX235-21-14176277 0
755 0 GX235-22-15984118 0
755 0 GX236-27-8325704 0
755 0 GX238-46-3602411 0
755 0 GX239-13-6272946 0
755 0 GX243-16-14441100 0
755 0 GX245-11-16374275 1
755 0 GX245-17-13570856 1
755 0 GX245-20-12755843 0
755 0 GX245-63-11626917 0
755 0 GX245-80-16167755 0
755 0 GX246-27-9662048 0
755 0 GX246-28-3263098 0
755 0 GX246-32-5710943 1
755 0 GX246-33-2244644 0
755 0 GX246-35-1427269 0
755 0 GX248-06-14086466 2
755 0 GX261-93-2641588 1
755 0 GX266-26-3510272 0
755 0 GX267-44-14785654 0
755 0 GX267-99-5484519 0
757 0 GX000-88-5542873 1
757 0 GX003-60-14577710 1
757 0 GX003-92-9546228 1
757 0 GX004-98-5828518 1
757 0 GX006-86-15685742 1
757 0 GX007-62-1213196 1
757 0 GX009-80-16760029 0
757 0 GX010-67-14370619 0
757 0 GX012-45-5722274 0
757 0 GX012-61-15153581 1
757 0 GX012-67-2172931 0
757 0 GX014-35-1503838 0
757 0 GX022-73-7627914 1
757 0 GX025-33-4254186 2
757 0 GX025-68-4048778 0
757 0 GX031-10-0320456 0
757 0 GX040-44-15409600 1
757 0 GX044-44-2195987 0
757 0 GX059-28-7601493 0
757 0 GX067-14-14099023 0
757 0 GX069-55-7057276 0
757 0 GX110-19-13682441 1
757 0 GX112-16-5393179 1
757 0 GX231-30-10742736 0
757 0 GX231-74-16198662 0
757 0 GX232-99-0038367 0
757 0 GX233-37-7282946 1
757 0 GX235-79-0358775 2
757 0 GX236-72-16770519 1
757 0 GX241-49-9434830 0
757 0 GX243-37-9114283 0
757 0 GX243-66-2097962 0
757 0 GX246-74-11054069 1
757 0 GX250-88-8305271 2
757 0 GX256-62-1854883 1
757 0 GX268-74-3568916 0
760 0 GX001-30-5929274 0
760 0 GX002-04-12932501 2
760 0 GX004-43-14234658 0
760 0 GX007-27-3518535 0
760 0 GX008-73-8799753 1
760 0 GX010-19-0932978 1
760 0 GX010-61-4890518 0
760 0 GX016-01-9992190 2
760 0 GX016-04-1437459 0
760 0 GX016-38-10313581 0
760 0 GX016-49-16607000 0
760 0 GX017-14-16445432 0
760 0 GX026-55-4495290 0
760 0 GX028-04-3285828 0
760 0 GX029-69-11464944 2
760 0 GX038-39-14263405 0
760 0 GX040-22-3951061 0
760 0 GX040-71-16291311 1
760 0 GX043-67-7049410 0
760 0 GX048-01-3458368 2
760 0 GX048-84-2667929 1
760 0 GX050-97-10618975 0
760 0 GX061-13-14556424 0
760 0 GX061-78-0221122 0
760 0 GX062-03-7991876 0
760 0 GX062-35-0543954 0
760 0 GX062-45-7421279 0
760 0 GX068-78-2137752 0
760 0 GX069-04-7110938 0
760 0 GX123-44-9725039 1
760 0 GX230-04-7474067 1
760 0 GX230-14-13301582 1
760 0 GX238-65-7074645 0
760 0 GX243-35-11861587 1
760 0 GX262-22-16536810 0
760 0 GX272-39-7998443 1
761 0 GX000-63-3474016 2
761 0 GX004-20-13012991 1
761 0 GX009-12-13917830 1
761 0 GX011-78-4480692 2
761 0 GX012-00-16749717 0
761 0 GX019-96-11023847 1
761 0 GX021-12-15606844 1
761 0 GX024-59-2675616 1
761 0 GX028-86-14173389 1
761 0 GX031-37-5671974 0
761 0 GX042-04-16047828 1
761 0 GX043-86-7929840 1
761 0 GX044-14-6831306 1
761 0 GX051-14-10672370 1
761 0 GX054-70-13355175 0
761 0 GX081-49-7859192 0
761 0 GX083-87-12637422 0
761 0 GX085-51-15352645 1
761 0 GX098-63-6961215 0
761 0 GX106-69-10492652 1
761 0 GX197-93-8718470 0
761 0 GX237-02-15418740 1
761 0 GX242-66-0914710 1
761 0 GX247-45-3622520 0
761 0 GX249-22-10931483 1
761 0 GX250-42-11945609 1
761 0 GX250-54-8473093 0
761 0 GX252-88-15727942 1
761 0 GX259-04-4251586 1
761 0 GX259-36-7119663 1
761 0 GX260-12-4037882 1
761 0 GX262-08-5685957 1
761 0 GX262-83-13710433 1
761 0 GX263-89-15950102 0
761 0 GX264-81-15183454 1
761 0 GX267-00-11115795 1
761 0 GX268-55-9791226 1
761 0 GX272-13-14487325 1
761 0 GX272-39-7998443 0
763 0 GX001-16-14126351 0
763 0 GX002-29-13068057 0
763 0 GX015-17-10826077 0
763 0 GX017-72-10409089 0
763 0 GX021-80-10887862 2
763 0 GX021-90-15974328 2
763 0 GX021-92-9299928 2
763 0 GX041-35-7312803 0
763 0 GX043-58-8472990 2
763 0 GX050-39-10411277 0
763 0 GX052-02-14603839 0
763 0 GX095-34-7801212 0
763 0 GX121-87-6480432 0
763 0 GX234-38-3209731 2
763 0 GX256-83-14799903 0
763 0 GX260-54-16069250 2
763 0 GX261-14-7018555 0
763 0 GX265-01-13747647 0
763 0 GX266-25-10567868 0
763 0 GX266-25-16067687 0
763 0 GX266-46-1795191 0
763 0 GX267-49-13770353 1
763 0 GX268-74-13045505 0
763 0 GX268-85-3558086 0
763 0 GX271-20-11354505 0
763 0 GX271-24-3558263 1
770 0 GX002-14-3223648 0
770 0 GX003-29-16287653 0
770 0 GX004-38-13913365 1
770 0 GX009-36-9934198 2
770 0 GX012-00-16297751 1
770 0 GX012-42-3233866 2
770 0 GX014-20-11137168 0
770 0 GX016-04-7199871 2
770 0 GX016-51-2435743 1
770 0 GX018-07-8273149 2
770 0 GX022-75-4934781 0
770 0 GX024-47-5487813 0
770 0 GX026-08-3686448 2
770 0 GX026-24-16279009 2
770 0 GX026-64-9135963 1
770 0 GX027-30-13150880 2
770 0 GX028-61-4191034 0
770 0 GX036-32-6911247 1
770 0 GX047-39-4198502 2
770 0 GX049-63-15630919 0
770 0 GX050-23-3123337 2
770 0 GX050-67-7595370 0
770 0 GX051-12-8737737 1
770 0 GX055-86-16483576 1
770 0 GX060-71-15034639 2
770 0 GX061-72-12630011 1
770 0 GX074-36-11414414 0
770 0 GX076-19-0073193 2
770 0 GX166-82-12662566 1
770 0 GX228-18-7538779 0
770 0 GX235-49-1853414 1
770 0 GX237-22-3898555 1
770 0 GX238-81-5416837 1
770 0 GX242-11-1612734 1
770 0 GX242-94-1136169 0
770 0 GX251-50-6664539 1
770 0 GX252-53-12814769 1
770 0 GX252-56-7373206 1
770 0 GX255-24-1598211 1
770 0 GX255-96-15161567 1
770 0 GX261-18-4020086 1
771 0 GX001-08-5834860 1
771 0 GX004-19-3547597 1
771 0 GX006-11-13648004 0
771 0 GX013-68-6133860 1
771 0 GX013-77-5249588 0
771 0 GX016-69-11960712 0
771 0 GX020-63-0257256 2
771 0 GX038-61-12923472 0
771 0 GX042-12-14970992 2
771 0 GX046-66-5664305 2
771 0 GX054-31-16302133 0
771 0 GX054-36-12804404 0
771 0 GX054-53-12208011 2
771 0 GX065-25-14816127 0
771 0 GX065-27-12554346 1
771 0 GX065-34-10057781 1
771 0 GX065-36-3572627 0
771 0 GX065-40-4375454 2
771 0 GX073-37-16654790 2
771 0 GX079-32-2300262 2
771 0 GX082-36-3331304 1
771 0 GX082-67-14931420 2
771 0 GX090-37-1153806 0
771 0 GX105-19-1680356 0
771 0 GX106-36-6830307 1
771 0 GX106-54-15436478 1
771 0 GX106-96-5315736 1
771 0 GX119-13-12449101 2
771 0 GX121-54-12752879 2
771 0 GX121-67-1644408 1
771 0 GX142-16-4980613 1
771 0 GX229-42-3532972 1
771 0 GX232-66-10836522 1
771 0 GX235-20-8549989 0
771 0 GX237-20-3584740 0
771 0 GX239-24-9781139 0
771 0 GX241-02-0735480 2
771 0 GX243-15-7699918 0
771 0 GX244-34-3732943 1
771 0 GX245-04-9989216 1
771 0 GX254-35-3328992 2
771 0 GX260-42-13043086 0
771 0 GX262-07-5523049 0
771 0 GX266-48-14719452 0
771 0 GX269-47-12952513 0
771 0 GX271-19-0518455 2
771 0 GX272-77-16142836 2
772 0 GX000-95-8621250 0
772 0 GX001-29-1560403 2
772 0 GX002-85-16411706 0
772 0 GX003-56-11469596 2
772 0 GX004-26-14984698 0
772 0 GX007-43-9764169 2
772 0 GX009-33-12633954 0
772 0 GX011-93-2275298 2
772 0 GX019-11-10923805 2
772 0 GX032-43-13795513 2
772 0 GX034-38-14103213 2
772 0 GX036-98-10304568 2
772 0 GX037-14-14353916 2
772 0 GX040-09-14158780 1
772 0 GX043-52-11645422 2
772 0 GX049-26-12100290 0
772 0 GX051-91-14116492 2
772 0 GX058-75-11425750 1
772 0 GX117-11-2363917 2
772 0 GX229-31-9751198 2
772 0 GX231-84-7573542 2
772 0 GX231-94-4688378 1
772 0 GX233-46-8132547 2
772 0 GX235-19-2240262 1
772 0 GX235-69-12379324 2
772 0 GX238-75-7884426 1
772 0 GX240-04-8727945 1
772 0 GX240-36-7719849 2
772 0 GX240-86-14098064 2
772 0 GX242-51-10835015 0
772 0 GX243-27-4566844 2
772 0 GX248-23-8973453 1
772 0 GX251-57-0283196 2
772 0 GX252-48-7348844 2
772 0 GX252-53-6079400 1
772 0 GX253-21-9570768 2
772 0 GX253-95-8874617 1
772 0 GX254-07-13968388 2
772 0 GX263-62-14010219 1
772 0 GX264-43-15047047 1
772 0 GX265-36-0936331 2
772 0 GX266-03-8049742 2
772 0 GX267-16-12425339 2
772 0 GX268-07-13216944 1
772 0 GX268-42-4889758 1
772 0 GX268-46-0569329 2
772 0 GX269-25-3356612 2
772 0 GX272-26-14381126 2
776 0 GX025-60-5876656 0
776 0 GX031-39-7722208 0
776 0 GX032-93-15654749 0
776 0 GX045-56-15633018 0
776 0 GX052-49-11579426 0
776 0 GX055-20-0844667 1
776 0 GX056-02-14749329 0
776 0 GX058-91-12152885 0
776 0 GX233-74-3391812 0
776 0 GX233-90-14371690 0
776 0 GX234-92-7198701 0
776 0 GX240-74-10452191 0
776 0 GX250-27-13903503 0
776 0 GX250-27-7840836 0
776 0 GX250-34-15846061 2
776 0 GX251-04-10627624 0
776 0 GX252-15-14240989 1
776 0 GX252-26-12721784 2
776 0 GX253-03-11964071 0
776 0 GX255-52-0450453 0
776 0 GX255-75-6596681 0
776 0 GX257-23-14105637 1
776 0 GX259-11-8762140 0
776 0 GX263-96-12791397 2
776 0 GX265-77-0712149 1
776 0 GX265-80-0451668 2
776 0 GX266-19-8693927 1
776 0 GX266-32-0309939 0
776 0 GX269-08-12125937 0
776 0 GX269-64-13200312 0
782 0 GX001-92-13282913 2
782 0 GX003-15-11693082 0
782 0 GX007-31-12250665 2
782 0 GX010-86-0543266 0
782 0 GX015-06-2752620 1
782 0 GX016-21-2976092 1
782 0 GX016-26-11143225 1
782 0 GX030-90-14356043 0
782 0 GX031-18-12168138 1
782 0 GX031-21-13723812 1
782 0 GX031-22-7020995 1
782 0 GX037-22-7921391 0
782 0 GX043-39-9859216 0
782 0 GX066-18-3751900 1
782 0 GX066-19-2236318 1
782 0 GX066-21-12956284 1
782 0 GX066-21-14134258 1
782 0 GX066-23-3655223 1
782 0 GX066-23-6252221 1
782 0 GX066-24-15542843 1
782 0 GX066-24-16608110 1
782 0 GX066-25-15225941 1
782 0 GX066-25-2862428 1
782 0 GX066-25-3328984 1
782 0 GX066-26-8613527 1
782 0 GX066-27-0346101 1
782 0 GX066-27-6444779 1
782 0 GX066-28-11165682 1
782 0 GX066-28-2151422 1
782 0 GX066-29-13789299 1
782 0 GX066-29-9651448 1
782 0 GX066-30-0819716 1
782 0 GX072-92-12266955 0
782 0 GX073-05-8660454 0
782 0 GX226-13-9386206 0
782 0 GX229-64-10708122 0
782 0 GX229-65-4592581 0
782 0 GX230-96-10685964 1
782 0 GX236-39-0747129 1
782 0 GX238-76-4954442 1
782 0 GX245-91-12756381 0
782 0 GX246-38-4241953 0
782 0 GX254-06-5183886 1
782 0 GX255-27-8469789 1
782 0 GX256-00-12883633 0
782 0 GX256-16-8984264 0
782 0 GX256-49-6241075 1
782 0 GX257-47-15921493 1
782 0 GX257-75-11782745 0
782 0 GX259-78-7224959 1
782 0 GX261-82-4936567 0
782 0 GX265-34-1185871 1
792 0 GX002-68-11022920 1
792 0 GX005-63-10829083 1
792 0 GX009-76-7347476 0
792 0 GX010-28-7570892 1
792 0 GX012-53-2528661 0
792 0 GX012-78-2374834 0
792 0 GX014-79-7754964 2
792 0 GX017-08-6496610 1
792 0 GX018-62-13993883 1
792 0 GX022-57-9451983 0
792 0 GX026-91-16136908 1
792 0 GX026-92-10258928 0
792 0 GX026-92-15415249 1
792 0 GX026-99-6890829 0
792 0 GX027-11-8769806 0
792 0 GX027-22-0802131 0
792 0 GX027-26-15406197 0
792 0 GX027-30-0786032 1
792 0 GX028-72-3785388 0
792 0 GX034-92-8112671 0
792 0 GX036-16-4119727 0
792 0 GX039-17-1689020 2
792 0 GX040-46-8536172 0
792 0 GX043-40-6494545 1
792 0 GX043-96-16261289 0
792 0 GX049-81-11215714 0
792 0 GX053-19-2788724 1
792 0 GX062-84-12571452 0
792 0 GX106-85-15592104 0
792 0 GX201-63-15574639 0
792 0 GX227-06-4883402 0
792 0 GX229-79-6465902 0
792 0 GX232-77-5654409 0
792 0 GX236-05-12108196 1
792 0 GX238-64-10931422 0
792 0 GX243-65-10807124 0
792 0 GX251-35-16039127 1
792 0 GX254-24-14355600 0
792 0 GX254-37-6617802 0
792 0 GX255-25-14406565 0
792 0 GX255-68-11048911 0
792 0 GX256-52-6612732 0
792 0 GX259-38-2896891 0
792 0 GX259-77-11244321 0
792 0 GX260-69-2588884 0
794 0 GX000-01-10544170 0
794 0 GX003-59-11845115 1
794 0 GX006-91-15021001 0
794 0 GX007-99-14347438 0
794 0 GX009-13-6974949 0
794 0 GX010-27-2862319 2
794 0 GX012-95-3579128 1
794 0 GX027-85-9801165 0
794 0 GX028-30-13928187 0
794 0 GX031-59-6482903 0
794 0 GX038-06-13278660 0
794 0 GX041-90-8668951 0
794 0 GX042-42-14418204 0
794 0 GX043-96-12124632 0
794 0 GX062-61-6969183 1
794 0 GX063-33-6442984 2
794 0 GX065-56-11232930 0
794 0 GX080-01-11730041 0
794 0 GX100-83-1667862 0
794 0 GX110-56-13938301 0
794 0 GX232-66-11842910 1
794 0 GX233-47-2498421 1
794 0 GX235-02-0124635 1
794 0 GX235-84-12023778 0
794 0 GX236-66-14013937 0
794 0 GX237-36-0925864 0
794 0 GX245-78-4630521 0
794 0 GX245-80-15785856 0
794 0 GX247-87-16305978 1
794 0 GX250-18-5336258 1
794 0 GX251-01-15241268 0
794 0 GX255-72-7840577 1
794 0 GX257-38-16497232 1
794 0 GX260-40-7949856 0
794 0 GX261-68-14906306 0
794 0 GX263-79-8191119 2
794 0 GX266-92-2428118 0
794 0 GX268-35-7189412 0
794 0 GX270-56-3691444 0
795 0 GX030-26-13267166 0
795 0 GX036-02-8584053 0
795 0 GX038-17-11264839 0
795 0 GX076-27-5698700 0
795 0 GX085-25-10394636 0
795 0 GX093-19-7565418 0
795 0 GX094-40-0307872 0
795 0 GX096-05-8963550 0
795 0 GX108-37-3863619 0
795 0 GX113-26-1412950 0
795 0 GX116-49-0601622 0
795 0 GX121-89-9629354 0
795 0 GX135-70-10203214 0
795 0 GX136-32-0257893 0
795 0 GX139-36-5443918 0
795 0 GX147-56-11011300 0
795 0 GX151-00-14199077 0
795 0 GX152-90-15843322 2
795 0 GX179-63-3362019 0
795 0 GX182-87-10030005 0
795 0 GX192-64-1677492 0
795 0 GX199-59-5010523 0
795 0 GX202-20-15621807 0
795 0 GX207-05-0253894 0
795 0 GX214-12-4173949 0
795 0 GX214-58-11093919 0
795 0 GX221-13-5559821 0
795 0 GX229-59-0774314 0
795 0 GX229-64-0699859 0
795 0 GX230-53-14647719 0
795 0 GX234-44-13907219 0
795 0 GX236-20-3341877 0
795 0 GX236-41-1634972 0
795 0 GX237-73-4445387 0
795 0 GX243-18-12400502 0
795 0 GX252-52-14342277 0
795 0 GX254-70-10924927 0
795 0 GX255-72-7840577 0
795 0 GX257-11-7385536 0
795 0 GX262-46-1133586 0
795 0 GX264-61-13627647 0
795 0 GX267-44-14785654 0
795 0 GX270-59-15515534 0
795 0 GX271-37-7635248 0
798 0 GX015-70-10937719 0
798 0 GX016-18-9405258 0
798 0 GX021-08-13644385 0
798 0 GX029-44-14430247 1
798 0 GX032-22-14459043 2
798 0 GX032-24-0537496 2
798 0 GX033-05-7334932 1
798 0 GX034-54-5830617 0
798 0 GX037-81-11675615 1
798 0 GX042-05-14470345 0
798 0 GX042-70-15851586 2
798 0 GX045-25-15085368 0
798 0 GX045-26-6448908 0
798 0 GX047-40-12719561 0
798 0 GX053-23-0531268 1
798 0 GX053-26-16716383 2
798 0 GX053-29-4920216 0
798 0 GX056-35-8200518 0
798 0 GX056-68-8240717 0
798 0 GX056-72-0417091 2
798 0 GX056-74-8205787 2
798 0 GX056-85-12189408 0
798 0 GX065-74-6760912 1
798 0 GX069-24-5662513 0
798 0 GX079-61-16710841 1
798 0 GX083-04-13222534 0
798 0 GX084-10-10472349 0
798 0 GX090-83-3818222 0
798 0 GX096-45-9174589 0
798 0 GX097-00-16366064 1
798 0 GX101-93-9264201 0
798 0 GX107-12-15790831 0
798 0 GX124-90-6717137 1
798 0 GX160-62-6340494 0
798 0 GX161-85-1242613 0
798 0 GX229-26-1193805 0
798 0 GX238-02-2374459 0
798 0 GX239-49-3119306 0
798 0 GX240-07-2222632 0
798 0 GX240-56-15896740 0
798 0 GX249-93-7527985 0
798 0 GX254-01-4044832 0
798 0 GX265-70-12350500 1
798 0 GX271-38-3971750 1
798 0 GX272-04-9612328 1
801 0 GX002-42-9907091 0
801 0 GX010-54-6183338 1
801 0 GX013-41-2055294 1
801 0 GX016-16-2824629 1
801 0 GX029-66-12911958 1
801 0 GX037-26-13368407 1
801 0 GX044-94-7273750 1
801 0 GX055-31-16374010 1
801 0 GX057-70-9085375 1
801 0 GX070-02-14282490 0
801 0 GX089-57-8824413 1
801 0 GX095-05-10654852 1
801 0 GX095-75-5890501 1
801 0 GX151-32-6644659 1
801 0 GX221-10-1979574 1
801 0 GX230-79-12969133 2
801 0 GX232-71-13967516 1
801 0 GX240-42-4362738 1
801 0 GX242-10-8963548 1
801 0 GX244-33-13813426 1
801 0 GX246-53-0828030 1
801 0 GX248-01-12318136 1
801 0 GX250-44-9853770 1
801 0 GX253-30-1405615 1
801 0 GX256-90-11272788 1
801 0 GX260-39-7383203 1
801 0 GX261-84-8988498 1
801 0 GX264-92-3810938 1
801 0 GX270-40-2340913 1
801 0 GX270-63-8957012 1
801 0 GX271-06-13456746 1
801 0 GX271-50-4638291 0
801 0 GX271-81-6676488 1
802 0 GX000-46-4667412 1
802 0 GX001-28-14093471 0
802 0 GX002-57-5524313 0
802 0 GX002-71-10234846 1
802 0 GX002-83-12742671 1
802 0 GX004-82-7551182 0
802 0 GX008-86-6768395 0
802 0 GX008-87-0169546 0
802 0 GX008-88-16390139 0
802 0 GX009-78-5072824 1
802 0 GX010-53-13889535 1
802 0 GX011-67-14143188 1
802 0 GX012-85-2483942 1
802 0 GX013-22-12048080 1
802 0 GX013-28-14475109 1
802 0 GX014-28-1863750 0
802 0 GX018-08-10200654 1
802 0 GX020-43-9416325 1
802 0 GX022-11-0852758 1
802 0 GX034-86-12767636 0
802 0 GX035-47-15400669 0
802 0 GX038-80-16640744 1
802 0 GX041-89-5919373 1
802 0 GX048-40-13224967 1
802 0 GX048-66-6720041 1
802 0 GX049-36-7287265 1
802 0 GX054-57-11369555 1
802 0 GX056-80-8507274 1
802 0 GX058-52-0590561 0
802 0 GX093-88-8411758 0
802 0 GX226-18-15009306 0
802 0 GX228-93-1525618 1
802 0 GX229-36-2314339 1
802 0 GX230-01-7215904 1
802 0 GX230-72-2449988 0
802 0 GX231-16-1043949 1
802 0 GX233-75-6074326 0
802 0 GX234-97-0559189 1
802 0 GX234-98-6093877 0
802 0 GX236-15-2842799 1
802 0 GX236-15-9321905 0
802 0 GX237-23-7189295 1
802 0 GX238-04-12319787 0
802 0 GX238-16-15902128 0
802 0 GX240-73-7066598 0
802 0 GX242-81-9646373 0
802 0 GX242-87-9041954 1
802 0 GX255-92-0368338 0
802 0 GX257-53-16421600 1
802 0 GX261-93-1544584 1
802 0 GX270-17-8477835 0
802 0 GX270-90-3704455 1
802 0 GX272-16-9637014 0
804 0 GX001-10-2816967 1
804 0 GX003-11-0157820 0
804 0 GX004-61-13204251 1
804 0 GX004-76-4620431 0
804 0 GX010-68-3391193 1
804 0 GX019-45-5337133 1
804 0 GX019-49-13215860 1
804 0 GX019-78-6427053 1
804 0 GX020-03-10038187 1
804 0 GX020-07-4495472 1
804 0 GX021-17-13371025 1
804 0 GX023-21-4679579 0
804 0 GX023-35-9743543 1
804 0 GX025-06-0773983 1
804 0 GX028-19-6159674 0
804 0 GX028-69-11254564 0
804 0 GX030-57-2221085 1
804 0 GX030-62-15230260 1
804 0 GX030-62-2172797 0
804 0 GX031-96-6253368 0
804 0 GX033-74-11768205 0
804 0 GX033-75-4680640 1
804 0 GX033-75-8213181 0
804 0 GX035-80-4193961 0
804 0 GX039-97-4530486 0
804 0 GX041-21-0227254 0
804 0 GX045-98-13455252 0
804 0 GX048-97-3292221 0
804 0 GX066-55-7618225 0
804 0 GX066-60-8064722 0
804 0 GX082-53-14285054 1
804 0 GX086-01-0600078 0
804 0 GX086-56-5854884 1
804 0 GX149-08-2455529 0
804 0 GX231-30-4792996 1
804 0 GX232-01-2518461 1
804 0 GX232-48-14195872 0
804 0 GX233-58-15999542 0
804 0 GX234-95-9680537 0
804 0 GX246-77-13094803 1
804 0 GX247-14-11463530 0
804 0 GX253-52-10734166 1
804 0 GX256-23-2922415 1
804 0 GX257-80-14320572 1
804 0 GX260-23-12609920 1
804 0 GX261-29-4956877 1
804 0 GX262-62-7609392 1
804 0 GX262-66-14330191 1
804 0 GX272-16-9637014 0
806 0 GX002-13-4333063 1
806 0 GX005-25-1803978 0
806 0 GX005-51-9614458 0
806 0 GX011-67-9680131 0
806 0 GX015-07-2174394 1
806 0 GX016-24-4285158 0
806 0 GX016-37-9328696 0
806 0 GX016-45-13571416 0
806 0 GX018-18-5887287 1
806 0 GX018-87-4458472 0
806 0 GX021-53-14563322 0
806 0 GX022-41-15642543 2
806 0 GX023-48-8218310 2
806 0 GX026-99-1750330 1
806 0 GX030-27-11447035 0
806 0 GX030-30-14853032 0
806 0 GX031-01-3503918 0
806 0 GX033-80-7559674 0
806 0 GX037-74-6961012 2
806 0 GX038-23-13693573 0
806 0 GX038-61-12270163 0
806 0 GX040-46-11381395 0
806 0 GX041-49-14190742 0
806 0 GX043-21-11581496 1
806 0 GX049-90-4762744 0
806 0 GX050-24-2301068 0
806 0 GX051-19-10112349 1
806 0 GX055-39-14112384 1
806 0 GX064-78-12301593 0
806 0 GX066-14-5089049 0
806 0 GX067-04-15192521 0
806 0 GX076-24-0216293 0
806 0 GX090-11-6140616 0
806 0 GX092-70-1109270 0
806 0 GX203-48-4473514 0
806 0 GX226-24-5787240 0
806 0 GX229-88-15511010 0
806 0 GX232-78-15730008 0
806 0 GX236-99-5642001 0
806 0 GX237-14-6756988 0
806 0 GX246-49-12699220 0
806 0 GX257-81-11208545 1
808 0 GX004-07-1379111 0
808 0 GX004-61-15951057 0
808 0 GX008-28-11805650 0
808 0 GX009-16-14839403 0
808 0 GX016-67-6514424 0
808 0 GX016-98-0905367 1
808 0 GX017-56-0016825 0
808 0 GX017-98-8542145 0
808 0 GX022-52-15884549 0
808 0 GX024-47-5487813 1
808 0 GX025-09-9454936 1
808 0 GX043-85-14867348 2
808 0 GX044-20-2602695 1
808 0 GX056-31-4159149 1
808 0 GX056-46-14479792 1
808 0 GX056-59-3828847 0
808 0 GX065-57-12812766 0
808 0 GX067-03-1254281 1
808 0 GX070-50-15775402 1
808 0 GX070-51-11695093 1
808 0 GX070-52-15173813 1
808 0 GX070-77-5787454 1
808 0 GX100-95-1279463 1
808 0 GX124-84-10598044 1
808 0 GX128-60-5973255 1
808 0 GX155-46-10515136 1
808 0 GX233-02-16464390 1
808 0 GX237-31-16468550 0
808 0 GX251-50-5918374 1
808 0 GX255-19-3820866 1
808 0 GX261-24-11818348 0
808 0 GX261-28-1083898 1
808 0 GX261-79-9451326 2
810 0 GX012-01-11212634 2
810 0 GX015-94-3379176 0
810 0 GX016-00-4227574 1
810 0 GX022-69-16620743 1
810 0 GX024-29-7181904 0
810 0 GX027-87-11737511 0
810 0 GX044-76-16510345 1
810 0 GX064-24-6383272 0
810 0 GX064-75-5382503 0
810 0 GX070-00-8833876 0
810 0 GX180-47-2097908 0
810 0 GX188-53-2201428 0
810 0 GX213-45-14487858 0
810 0 GX213-46-8595681 0
810 0 GX213-49-0633668 0
810 0 GX213-49-2715084 0
810 0 GX227-31-11982207 0
810 0 GX227-91-0468074 0
810 0 GX231-43-3086724 0
810 0 GX234-02-11564674 1
810 0 GX234-04-3895494 0
810 0 GX235-15-5867142 1
810 0 GX238-30-2755851 1
810 0 GX239-32-5023444 0
810 0 GX239-70-2881370 0
810 0 GX240-81-9348927 0
810 0 GX241-16-13746106 1
810 0 GX243-16-1282683 0
810 0 GX244-93-15949227 0
810 0 GX247-14-0084038 0
810 0 GX248-11-12861896 0
810 0 GX248-28-1942463 0
810 0 GX256-53-12311008 0
810 0 GX265-16-14494923 0
810 0 GX265-34-10717138 0
810 0 GX266-19-10297904 0
810 0 GX266-33-5698754 0
810 0 GX266-45-15188139 0
810 0 GX267-00-9459533 0
810 0 GX267-28-12900426 0
810 0 GX267-74-6332145 0
810 0 GX267-79-10534772 0
810 0 GX268-50-11073531 0
810 0 GX269-41-13052866 0
810 0 GX269-81-2414064 0
811 0 GX001-69-5661268 0
811 0 GX009-52-3863001 1
811 0 GX010-06-3453889 1
811 0 GX011-30-6594776 1
811 0 GX011-65-4632316 1
811 0 GX018-67-13909364 1
811 0 GX033-69-6901132 0
811 0 GX075-28-11730298 0
811 0 GX138-93-14863286 0
811 0 GX152-35-7294857 0
811 0 GX189-33-8910870 1
811 0 GX189-73-8334417 1
811 0 GX191-36-2802474 1
811 0 GX231-25-2029480 0
811 0 GX232-12-1574460 0
811 0 GX232-89-13986101 0
811 0 GX234-65-9166513 0
811 0 GX236-28-2397385 0
811 0 GX237-17-15940723 0
811 0 GX239-04-7604402 0
811 0 GX239-36-2978010 0
811 0 GX242-02-6590625 0
811 0 GX251-08-3399257 0
811 0 GX251-23-11851667 1
811 0 GX251-37-3175071 0
811 0 GX251-49-13328852 1
811 0 GX253-93-14186056 0
811 0 GX253-96-0745090 0
811 0 GX260-17-12611671 1
811 0 GX260-19-16435210 1
811 0 GX261-58-8219283 0
812 0 GX001-12-8380564 1
812 0 GX001-86-3512020 0
812 0 GX002-29-14905188 1
812 0 GX002-46-10694779 1
812 0 GX002-47-0596287 1
812 0 GX002-56-8339421 1
812 0 GX003-20-4924017 0
812 0 GX003-94-14281439 0
812 0 GX005-65-1397330 0
812 0 GX006-45-1263946 0
812 0 GX007-43-3515430 0
812 0 GX007-69-15346110 0
812 0 GX008-19-4889467 0
812 0 GX023-43-3968594 0
812 0 GX024-03-11382568 1
812 0 GX030-92-0312991 1
812 0 GX041-91-11191743 0
812 0 GX052-84-11043262 1
812 0 GX056-50-13653159 1
812 0 GX066-05-4000473 1
812 0 GX066-59-9438565 1
812 0 GX114-80-10271977 0
812 0 GX230-88-4009331 1
812 0 GX231-30-6588221 0
812 0 GX235-49-14591057 1
812 0 GX235-82-14762699 1
812 0 GX236-07-8173545 1
812 0 GX246-10-13709777 0
812 0 GX247-68-0975402 1
812 0 GX250-85-8087518 0
812 0 GX253-15-11288601 1
812 0 GX254-76-7469059 1
812 0 GX257-77-6830445 0
812 0 GX260-85-15716288 1
812 0 GX262-64-8669195 1
812 0 GX263-22-0318762 1
812 0 GX265-38-9831044 1
812 0 GX265-54-4173638 1
812 0 GX266-03-10955706 0
812 0 GX266-93-13179440 0
812 0 GX267-21-14280799 1
812 0 GX267-93-6929446 1
812 0 GX268-24-0604946 1
812 0 GX271-02-9651465 1
812 0 GX271-08-7945446 1
812 0 GX272-65-3675156 1
812 0 GX272-79-10596619 1
816 0 GX008-86-1780802 0
816 0 GX014-01-4428177 0
816 0 GX014-18-10727107 1
816 0 GX014-38-15938374 0
816 0 GX014-68-15857138 0
816 0 GX014-70-14011315 1
816 0 GX015-13-9609369 2
816 0 GX015-36-10861418 1
816 0 GX018-69-15630225 1
816 0 GX019-76-16137851 1
816 0 GX022-31-15245902 1
816 0 GX022-66-2133207 1
816 0 GX023-04-14086152 0
816 0 GX026-23-10309684 2
816 0 GX026-23-4628208 1
816 0 GX026-25-2273979 1
816 0 GX026-26-9070407 1
816 0 GX027-87-10038740 0
816 0 GX030-57-15098378 1
816 0 GX037-53-11072111 0
816 0 GX038-86-8989005 1
816 0 GX040-12-0579480 0
816 0 GX050-66-3425208 0
816 0 GX064-74-13216850 0
816 0 GX064-75-16516615 1
816 0 GX064-84-4890205 1
816 0 GX067-27-9669322 0
816 0 GX067-38-0106641 0
816 0 GX067-38-5524292 0
816 0 GX067-39-0760978 0
816 0 GX229-61-7984984 0
816 0 GX230-60-13424850 0
816 0 GX230-85-6655296 1
816 0 GX231-38-0929225 0
816 0 GX235-03-16342569 1
816 0 GX235-38-5142996 1
816 0 GX239-36-8014792 1
816 0 GX239-51-11254028 0
816 0 GX242-31-12779636 0
816 0 GX251-03-1726839 0
816 0 GX252-40-13276639 0
816 0 GX253-87-7676575 0
816 0 GX254-49-12085799 0
816 0 GX257-76-4424064 1
816 0 GX258-04-3702569 0
817 0 GX014-80-13664921 0
817 0 GX014-88-12762055 0
817 0 GX014-94-14193533 0
817 0 GX014-95-10359167 0
817 0 GX015-15-6220374 0
817 0 GX015-28-10728702 0
817 0 GX015-38-14454442 0
817 0 GX015-38-2566191 1
817 0 GX034-96-14817111 0
817 0 GX038-84-6320243 0
817 0 GX042-17-6081179 0
817 0 GX053-10-5924016 1
817 0 GX107-16-9948365 1
817 0 GX107-41-12488652 1
817 0 GX237-56-16308688 1
817 0 GX238-33-8890846 0
817 0 GX238-41-0120420 0
817 0 GX241-27-9800883 1
817 0 GX241-87-12312788 1
817 0 GX248-37-4044388 0
817 0 GX248-71-7639808 1
817 0 GX249-43-5066690 0
817 0 GX249-55-9992211 1
817 0 GX254-08-3417325 1
817 0 GX255-25-3429010 1
817 0 GX255-60-5561181 1
817 0 GX255-92-8141577 1
817 0 GX256-03-9247569 1
817 0 GX260-93-9243504 1
817 0 GX263-15-2485768 1
817 0 GX263-30-2934584 1
817 0 GX264-24-6558871 1
817 0 GX265-09-14730957 1
817 0 GX266-20-3799682 1
817 0 GX266-98-7667361 0
817 0 GX267-79-4343293 1
817 0 GX267-97-15804828 1
817 0 GX268-12-3421584 1
817 0 GX268-15-0555584 1
817 0 GX268-48-10192670 1
817 0 GX268-78-4607151 1
817 0 GX268-81-16323274 1
817 0 GX269-07-10913534 1
817 0 GX271-24-0408195 1
817 0 GX271-76-12689461 1
818 0 GX003-70-15021288 1
818 0 GX006-68-12276890 0
818 0 GX009-34-11020662 1
818 0 GX009-67-11341046 0
818 0 GX011-28-10825698 1
818 0 GX012-36-6668374 1
818 0 GX014-82-1816259 0
818 0 GX016-12-6578685 0
818 0 GX017-62-15133749 2
818 0 GX018-24-8289999 1
818 0 GX018-73-2663421 2
818 0 GX021-59-15972269 0
818 0 GX025-15-6373587 1
818 0 GX025-19-15369619 1
818 0 GX025-19-6143635 1
818 0 GX025-41-8242820 0
818 0 GX028-26-15597476 0
818 0 GX029-62-16243433 0
818 0 GX030-27-12709045 1
818 0 GX030-31-5666563 1
818 0 GX030-32-14289248 1
818 0 GX031-19-6292192 1
818 0 GX033-23-16554845 2
818 0 GX044-96-12882816 1
818 0 GX045-15-0401046 1
818 0 GX053-60-12887301 0
818 0 GX054-65-3680252 0
818 0 GX058-47-4869418 2
818 0 GX058-51-3558897 1
818 0 GX084-21-7474139 1
818 0 GX121-88-15410553 0
818 0 GX130-19-9231891 0
818 0 GX159-02-1522922 0
818 0 GX193-40-11656925 1
818 0 GX226-08-4483411 0
818 0 GX226-36-15189012 1
818 0 GX233-33-5935101 0
818 0 GX241-89-2897059 1
818 0 GX252-39-13365891 1
818 0 GX261-16-9629408 0
818 0 GX261-92-7144795 1
820 0 GX000-46-8625035 0
820 0 GX010-44-14109977 1
820 0 GX010-64-14715758 0
820 0 GX010-79-13100592 1
820 0 GX023-75-6403365 1
820 0 GX027-52-2570272 1
820 0 GX033-50-9898679 1
820 0 GX036-75-9122717 1
820 0 GX064-67-4233620 0
820 0 GX089-50-11510986 0
820 0 GX192-22-11531649 1
820 0 GX196-98-9204187 1
820 0 GX200-36-3677332 1
820 0 GX220-93-5761579 1
820 0 GX229-30-3978052 1
820 0 GX229-63-10299796 1
820 0 GX230-49-14211431 1
820 0 GX230-72-12721551 1
820 0 GX230-88-0039436 1
820 0 GX238-02-3365918 1
820 0 GX243-52-14081007 1
820 0 GX244-93-15949227 1
820 0 GX245-23-5467402 1
820 0 GX250-50-4903459 1
820 0 GX251-59-1260847 1
820 0 GX251-87-1370845 1
820 0 GX252-71-1086236 1
820 0 GX252-98-9794281 1
820 0 GX256-14-12762788 1
820 0 GX257-99-8164202 1
820 0 GX260-35-0819829 1
820 0 GX260-37-1235029 1
820 0 GX260-45-7004219 0
820 0 GX260-89-16638793 1
820 0 GX261-72-1094793 1
820 0 GX263-27-7671480 1
820 0 GX265-16-14494923 0
820 0 GX265-53-8513000 1
820 0 GX265-56-3551483 1
820 0 GX268-53-16362245 1
821 0 GX000-16-4063715 1
821 0 GX002-28-9881151 1
821 0 GX003-55-16542221 0
821 0 GX003-67-1658978 1
821 0 GX005-48-15082217 1
821 0 GX005-60-7286211 0
821 0 GX010-78-4051172 1
821 0 GX010-87-0022787 0
821 0 GX010-88-5306595 0
821 0 GX013-84-7050535 0
821 0 GX014-97-2100642 0
821 0 GX017-47-11247580 0
821 0 GX018-95-10233771 0
821 0 GX021-28-12863044 0
821 0 GX022-59-12383077 1
821 0 GX026-49-10063170 0
821 0 GX027-87-11737511 0
821 0 GX028-59-2393765 0
821 0 GX031-85-14725261 0
821 0 GX042-93-5729683 0
821 0 GX066-72-11244089 1
821 0 GX231-43-3086724 0
821 0 GX231-77-9136659 0
821 0 GX231-87-8372508 0
821 0 GX233-42-13369556 0
821 0 GX233-46-14775277 1
821 0 GX233-60-13662291 0
821 0 GX236-29-13694598 0
821 0 GX237-03-6961550 1
821 0 GX237-12-13623905 1
821 0 GX239-70-2881370 0
821 0 GX244-07-16145528 1
821 0 GX246-75-9197436 0
821 0 GX247-62-13662188 0
821 0 GX252-55-12761705 0
821 0 GX256-84-10205736 0
821 0 GX259-43-4145578 0
821 0 GX260-10-0682521 1
821 0 GX261-26-1208436 0
821 0 GX263-75-11941257 1
821 0 GX263-83-15064849 0
821 0 GX265-20-1446781 1
821 0 GX272-31-0432992 1
822 0 GX008-71-9359930 0
822 0 GX018-57-14414215 1
822 0 GX018-92-1561758 1
822 0 GX027-04-3570243 0
822 0 GX037-71-7540146 2
822 0 GX043-36-5117663 0
822 0 GX056-66-15319045 0
822 0 GX060-17-4643014 0
822 0 GX067-28-0048945 0
822 0 GX069-28-0649992 0
822 0 GX072-64-9722743 0
822 0 GX073-54-9877595 0
822 0 GX078-61-11658146 0
822 0 GX093-46-4433222 0
822 0 GX095-25-15266137 0
822 0 GX099-79-16273605 0
822 0 GX105-01-9234043 0
822 0 GX109-55-7135234 0
822 0 GX130-35-14271309 0
822 0 GX131-24-6071984 0
822 0 GX133-73-2007928 0
822 0 GX162-62-15311799 0
822 0 GX164-08-13953492 0
822 0 GX166-66-9711098 0
822 0 GX177-82-12704365 0
822 0 GX178-74-6172389 0
822 0 GX181-71-3180537 0
822 0 GX184-27-4415592 0
822 0 GX185-33-5773087 0
822 0 GX198-06-11682223 0
822 0 GX212-15-12057384 0
822 0 GX233-53-1843233 0
822 0 GX235-23-7414037 0
822 0 GX239-09-12904815 0
822 0 GX239-26-12562540 1
822 0 GX246-36-9319321 1
824 0 GX000-70-12794819 2
824 0 GX009-91-0618518 1
824 0 GX011-24-5888638 1
824 0 GX015-24-2044629 1
824 0 GX018-13-7583716 1
824 0 GX021-98-1488389 1
824 0 GX028-97-14327482 2
824 0 GX030-03-9111269 1
824 0 GX031-60-6451491 2
824 0 GX032-89-3670258 1
824 0 GX039-59-12789041 1
824 0 GX040-21-15865254 1
824 0 GX046-25-14792040 1
824 0 GX046-64-6569218 1
824 0 GX076-84-4593480 0
824 0 GX094-30-3520563 0
824 0 GX135-17-7376774 0
824 0 GX226-11-11946383 1
824 0 GX228-17-3683238 0
824 0 GX228-46-3478070 0
824 0 GX234-01-1579325 1
824 0 GX234-97-7630128 1
824 0 GX238-18-1607988 1
824 0 GX239-90-2352360 1
824 0 GX240-73-5193357 1
824 0 GX252-13-10495554 1
824 0 GX252-16-4340076 1
824 0 GX254-03-4276629 1
824 0 GX254-38-10181753 1
824 0 GX259-33-9403906 1
824 0 GX259-63-16107092 1
824 0 GX261-09-9178639 0
824 0 GX261-31-13830539 1
825 0 GX008-51-15022778 0
825 0 GX019-22-3409182 0
825 0 GX020-12-13717521 0
825 0 GX020-92-4659874 1
825 0 GX022-49-12695247 0
825 0 GX036-43-7999916 0
825 0 GX036-91-10167595 1
825 0 GX074-34-12964916 0
825 0 GX079-15-15401369 1
825 0 GX090-52-1841457 1
825 0 GX104-25-14593147 0
825 0 GX146-00-9598184 0
825 0 GX218-22-3186619 0
825 0 GX226-45-0230910 0
825 0 GX230-30-8947105 0
825 0 GX233-08-1740926 0
825 0 GX233-51-13730145 1
825 0 GX233-68-4574710 0
825 0 GX234-97-13166436 0
825 0 GX237-46-6968730 0
825 0 GX237-60-4099133 0
825 0 GX240-77-13484940 0
825 0 GX244-03-6985226 0
825 0 GX248-46-16762282 0
825 0 GX259-40-10868043 0
825 0 GX267-57-14720787 1
825 0 GX270-43-15165728 0
825 0 GX271-37-16512153 1
825 0 GX271-47-0359141 0
825 0 GX271-88-12014831 1
825 0 GX272-04-8463845 1
826 0 GX008-29-13877144 1
826 0 GX011-62-12976575 0
826 0 GX015-41-6877327 0
826 0 GX032-94-11983925 1
826 0 GX036-47-15347018 0
826 0 GX037-87-3234203 1
826 0 GX048-84-6519924 0
826 0 GX051-70-15069412 0
826 0 GX055-00-10068302 1
826 0 GX060-77-16349478 1
826 0 GX063-62-9718669 1
826 0 GX064-27-6823868 1
826 0 GX079-13-15817605 0
826 0 GX082-41-12167326 1
826 0 GX087-29-12946348 1
826 0 GX108-58-10148330 1
826 0 GX121-08-13739973 1
826 0 GX136-42-6746026 0
826 0 GX167-14-10422739 0
826 0 GX230-08-6556193 0
826 0 GX233-13-8376741 1
826 0 GX233-41-5589223 0
826 0 GX234-11-2461627 1
826 0 GX234-46-14293918 1
826 0 GX234-53-13104105 1
826 0 GX240-79-7164646 1
826 0 GX241-43-11671277 1
826 0 GX245-72-3511604 0
826 0 GX247-19-5867028 1
826 0 GX254-43-2994267 1
826 0 GX260-84-10216270 1
826 0 GX261-17-12418628 1
826 0 GX263-26-4104529 0
826 0 GX267-93-9587196 1
826 0 GX268-42-5053799 0
829 0 GX001-14-1170888 0
829 0 GX001-60-13661262 0
829 0 GX002-66-5653434 0
829 0 GX004-81-3891531 0
829 0 GX006-18-8115779 1
829 0 GX007-42-9913815 0
829 0 GX009-33-6166006 0
829 0 GX010-06-10730361 0
829 0 GX010-78-13775342 0
829 0 GX011-27-9771637 2
829 0 GX011-62-10218758 0
829 0 GX012-32-10183495 0
829 0 GX012-90-13407679 0
829 0 GX012-96-13133653 0
829 0 GX015-04-8676662 0
829 0 GX027-24-3451565 0
829 0 GX030-03-9111269 0
829 0 GX032-89-3670258 0
829 0 GX034-38-0222881 0
829 0 GX036-38-14683072 0
829 0 GX037-53-15444663 2
829 0 GX046-24-1648107 0
829 0 GX046-25-14792040 0
829 0 GX049-19-9024443 0
829 0 GX060-17-4643014 0
829 0 GX082-13-9699327 0
829 0 GX088-80-6633992 0
829 0 GX109-21-14374312 0
829 0 GX120-62-9606015 0
829 0 GX123-92-12688471 0
829 0 GX139-16-0523580 0
829 0 GX176-94-8729866 0
829 0 GX214-23-12229917 1
829 0 GX225-53-8689997 1
829 0 GX226-11-11946383 0
829 0 GX229-37-1247773 0
829 0 GX229-57-8916034 0
829 0 GX234-53-13104105 0
829 0 GX235-07-9538828 0
829 0 GX237-52-10725121 0
829 0 GX240-73-5193357 0
829 0 GX241-62-2287195 0
829 0 GX241-70-10182377 0
829 0 GX243-37-9114283 0
829 0 GX245-98-7546442 1
829 0 GX252-16-4340076 0
829 0 GX254-03-4276629 0
829 0 GX254-38-10181753 0
829 0 GX254-43-2994267 0
829 0 GX255-77-1684098 0
829 0 GX256-62-4990918 0
829 0 GX267-78-1981498 0
829 0 GX270-43-15165728 0
830 0 GX008-08-11752389 2
830 0 GX009-01-4088053 1
830 0 GX030-76-2646828 1
830 0 GX055-52-10349567 1
830 0 GX056-35-8200518 0
830 0 GX066-38-13111882 0
830 0 GX070-20-6909524 1
830 0 GX090-73-7660944 0
830 0 GX112-81-1899780 0
830 0 GX135-04-5789992 0
830 0 GX143-44-8887094 0
830 0 GX157-68-7618980 0
830 0 GX186-79-6879408 0
830 0 GX194-30-4734280 0
830 0 GX199-80-2296772 0
830 0 GX213-93-6960985 0
830 0 GX217-72-8928567 0
830 0 GX225-24-14553957 0
830 0 GX232-00-15789899 0
830 0 GX238-81-3729302 0
830 0 GX239-01-13420521 0
830 0 GX239-97-10551991 0
830 0 GX240-22-14002032 1
830 0 GX243-16-14441100 1
830 0 GX246-70-5941367 2
830 0 GX255-56-1313195 0
830 0 GX260-51-10165685 0
830 0 GX262-27-1274071 0
830 0 GX263-87-4016403 0
830 0 GX263-93-7298061 0
830 0 GX265-48-1305745 0
830 0 GX266-03-15444557 1
830 0 GX268-85-12940758 0
830 0 GX272-18-5450329 1
831 0 GX000-14-16748010 0
831 0 GX000-81-0219756 0
831 0 GX001-49-1759246 0
831 0 GX002-58-12452923 0
831 0 GX004-31-1345749 0
831 0 GX010-21-16631395 1
831 0 GX011-54-4465916 0
831 0 GX013-74-7552273 1
831 0 GX014-87-15936403 0
831 0 GX014-92-9616637 0
831 0 GX015-77-14763829 1
831 0 GX015-78-7759537 1
831 0 GX015-85-8805438 0
831 0 GX017-79-5922491 0
831 0 GX017-91-15768261 0
831 0 GX018-69-5968148 0
831 0 GX019-54-2124428 0
831 0 GX021-27-6784931 0
831 0 GX026-51-5729810 1
831 0 GX026-91-7097541 0
831 0 GX048-65-14565788 0
831 0 GX049-06-7535683 0
831 0 GX049-47-16106050 0
831 0 GX066-89-7547570 0
831 0 GX091-49-14805625 1
831 0 GX226-60-6371011 0
831 0 GX226-90-13566766 0
831 0 GX227-25-5358331 0
831 0 GX227-26-11517567 0
831 0 GX227-30-12905111 0
831 0 GX232-24-14236902 0
831 0 GX232-85-2201717 0
831 0 GX233-98-9002704 0
831 0 GX234-85-16558370 0
831 0 GX235-71-11800328 0
831 0 GX236-11-14453828 0
831 0 GX236-87-6564508 0
831 0 GX237-47-7639117 0
831 0 GX238-03-8234714 0
831 0 GX238-79-14696439 0
831 0 GX240-07-8458032 0
831 0 GX240-66-12054508 0
831 0 GX242-34-14683631 0
831 0 GX242-41-8377853 0
831 0 GX258-11-4997737 0
831 0 GX261-15-8053920 0
831 0 GX263-53-9904447 0
834 0 GX001-67-7045938 0
834 0 GX002-28-8885334 1
834 0 GX003-17-14670269 1
834 0 GX003-53-14433328 0
834 0 GX004-25-13019835 1
834 0 GX004-39-10107773 1
834 0 GX004-67-12384230 1
834 0 GX004-82-7551182 0
834 0 GX006-01-9560946 1
834 0 GX008-12-15728699 0
834 0 GX010-35-15955392 1
834 0 GX012-77-16466637 0
834 0 GX013-51-9369770 1
834 0 GX019-49-16096677 0
834 0 GX021-28-4394229 0
834 0 GX021-78-14111704 0
834 0 GX021-79-15768822 0
834 0 GX023-04-2686943 1
834 0 GX024-50-1186383 1
834 0 GX024-71-9539600 0
834 0 GX030-73-13661523 1
834 0 GX040-81-16166035 0
834 0 GX043-85-9221739 0
834 0 GX046-42-1935898 1
834 0 GX047-20-0263014 1
834 0 GX050-70-12938120 0
834 0 GX051-14-13922284 1
834 0 GX062-92-2826724 0
834 0 GX062-93-5068372 0
834 0 GX062-94-11686986 0
834 0 GX063-02-13230837 0
834 0 GX097-61-13755034 1
834 0 GX098-17-3663570 1
834 0 GX110-47-3427481 1
834 0 GX177-74-14235221 1
834 0 GX230-72-2449988 1
834 0 GX230-96-10317801 1
834 0 GX236-15-7664287 1
834 0 GX236-46-3022879 1
834 0 GX242-87-9041954 1
834 0 GX242-88-12802774 1
834 0 GX242-95-11048066 1
834 0 GX243-29-13067685 1
834 0 GX252-01-6684695 1
834 0 GX252-84-7297511 1
834 0 GX253-38-10355527 0
834 0 GX261-24-2420173 1
835 0 GX003-46-0880697 1
835 0 GX004-75-0648415 1
835 0 GX004-80-9058652 1
835 0 GX005-25-4943422 1
835 0 GX010-94-8356204 1
835 0 GX011-38-8645993 1
835 0 GX016-39-6070174 0
835 0 GX031-09-15928290 0
835 0 GX033-97-14582261 0
835 0 GX036-57-3025004 1
835 0 GX036-76-14781887 1
835 0 GX038-36-11389392 1
835 0 GX038-53-6323145 1
835 0 GX043-29-2804256 1
835 0 GX059-10-16491510 0
835 0 GX066-00-1765939 1
835 0 GX069-33-11387527 1
835 0 GX081-27-8269549 0
835 0 GX086-44-15378577 1
835 0 GX087-28-6399261 1
835 0 GX087-52-14122706 1
835 0 GX089-08-11305552 0
835 0 GX094-67-0445960 1
835 0 GX095-15-1114146 1
835 0 GX095-72-6672794 1
835 0 GX095-92-14582950 1
835 0 GX099-70-1192274 0
835 0 GX100-24-12616635 1
835 0 GX100-60-15152425 1
835 0 GX101-02-8389981 1
835 0 GX226-39-13041086 1
835 0 GX230-92-14573933 1
835 0 GX231-24-0148838 1
835 0 GX235-42-16102408 1
835 0 GX236-59-10870854 0
835 0 GX239-15-9418760 0
835 0 GX239-18-4514850 1
835 0 GX240-21-8227297 0
835 0 GX241-69-4064775 0
835 0 GX241-87-10486932 1
835 0 GX247-25-8818418 1
835 0 GX249-25-6398367 0
835 0 GX251-92-10796303 1
835 0 GX260-73-10729479 1
835 0 GX268-73-5931894 1
835 0 GX270-83-7497740 1
835 0 GX272-53-6412035 1
836 0 GX003-83-11164453 1
836 0 GX007-86-11212285 0
836 0 GX008-01-12414765 0
836 0 GX008-18-14572161 1
836 0 GX008-58-2294865 0
836 0 GX008-60-4660380 0
836 0 GX008-75-13666443 0
836 0 GX009-65-1341648 0
836 0 GX010-10-14855600 1
836 0 GX010-16-8667301 0
836 0 GX012-45-1565890 0
836 0 GX016-14-13904339 0
836 0 GX016-31-12013067 0
836 0 GX018-21-8078798 1
836 0 GX018-61-16262097 0
836 0 GX021-17-16045566 0
836 0 GX021-20-10217024 0
836 0 GX021-20-3674155 1
836 0 GX021-28-12863044 1
836 0 GX027-20-2195171 0
836 0 GX039-81-12373723 1
836 0 GX040-35-0275235 0
836 0 GX040-54-6468774 1
836 0 GX041-48-3721737 0
836 0 GX042-98-13136922 0
836 0 GX043-80-11575683 0
836 0 GX044-61-10747826 0
836 0 GX045-17-12140959 0
836 0 GX047-90-3938704 0
836 0 GX049-48-3867011 0
836 0 GX053-14-3780529 0
836 0 GX058-39-15126246 1
836 0 GX086-79-5857455 0
836 0 GX090-68-7435321 0
836 0 GX091-52-12530404 0
836 0 GX093-58-13513658 0
836 0 GX099-32-13472709 1
836 0 GX105-18-6215668 0
836 0 GX106-42-14154761 0
836 0 GX107-37-1949333 0
836 0 GX142-16-13207100 0
836 0 GX154-13-10505119 0
836 0 GX232-78-11859812 1
836 0 GX237-90-16378363 0
836 0 GX250-54-8473093 0
836 0 GX252-05-4050012 1
836 0 GX257-29-11808163 0
836 0 GX260-17-4221161 1
836 0 GX263-89-15950102 0
836 0 GX269-73-3806430 0
836 0 GX272-13-14487325 0
837 0 GX001-88-10313818 0
837 0 GX002-67-12342105 1
837 0 GX004-87-7491531 1
837 0 GX005-29-0821498 0
837 0 GX006-55-12203291 0
837 0 GX009-76-10150857 1
837 0 GX011-91-3185599 1
837 0 GX017-18-5367877 0
837 0 GX020-18-5401834 0
837 0 GX024-71-15217058 0
837 0 GX035-75-10925810 1
837 0 GX039-68-14933086 0
837 0 GX041-18-10848805 0
837 0 GX045-11-15092402 0
837 0 GX059-35-15142805 1
837 0 GX065-17-13879707 0
837 0 GX065-29-0123532 0
837 0 GX076-99-1398951 0
837 0 GX085-17-15688851 0
837 0 GX087-09-12870134 0
837 0 GX091-94-15594274 0
837 0 GX095-55-0571791 0
837 0 GX102-32-16504912 0
837 0 GX103-04-14229272 0
837 0 GX104-80-12831729 0
837 0 GX122-32-0792346 0
837 0 GX128-10-2687072 0
837 0 GX142-38-9599060 0
837 0 GX156-46-7512506 0
837 0 GX172-67-3298738 0
837 0 GX179-52-13684519 0
837 0 GX190-63-4452709 0
837 0 GX204-56-14543958 0
837 0 GX237-23-0568502 0
837 0 GX241-89-2897059 0
837 0 GX259-32-3378756 0
837 0 GX268-35-8368439 0
837 0 GX269-21-14227537 0
837 0 GX270-17-8477835 0
838 0 GX003-02-7881555 0
838 0 GX010-63-10117425 0
838 0 GX011-49-5606104 0
838 0 GX013-26-3475783 1
838 0 GX017-35-13670064 1
838 0 GX022-48-0178815 1
838 0 GX023-78-7120044 0
838 0 GX045-30-16358139 0
838 0 GX054-24-0852708 1
838 0 GX058-01-8981309 1
838 0 GX060-17-4924886 0
838 0 GX074-50-8588813 1
838 0 GX082-14-5120285 0
838 0 GX141-75-7485346 1
838 0 GX225-94-6726561 1
838 0 GX228-89-10399529 0
838 0 GX229-31-14179443 0
838 0 GX229-63-3277592 1
838 0 GX230-77-7471245 0
838 0 GX231-96-13245540 0
838 0 GX232-48-1902049 0
838 0 GX235-18-4090845 0
838 0 GX235-24-5369423 1
838 0 GX236-01-14998399 1
838 0 GX238-11-13745370 0
838 0 GX240-56-11715097 0
838 0 GX244-48-7098716 1
838 0 GX247-83-15733094 1
838 0 GX251-29-13054955 0
838 0 GX252-50-4187932 0
838 0 GX252-90-7072520 1
838 0 GX257-03-4445289 0
838 0 GX257-99-8164202 0
838 0 GX259-02-13424543 0
838 0 GX260-20-6160200 1
838 0 GX261-03-9419964 0
838 0 GX261-69-16733268 1
838 0 GX264-66-10683137 0
838 0 GX265-16-15524286 0
838 0 GX271-56-3091722 1
841 0 GX002-28-13261191 0
841 0 GX004-63-5127682 1
841 0 GX016-30-0658637 1
841 0 GX020-18-5401834 1
841 0 GX021-40-9010854 1
841 0 GX024-44-6365677 1
841 0 GX025-67-0369887 1
841 0 GX027-56-10495666 2
841 0 GX027-67-15668749 1
841 0 GX033-39-6253196 0
841 0 GX040-46-9699632 1
841 0 GX041-18-10848805 1
841 0 GX043-90-5066152 2
841 0 GX056-72-14985947 0
841 0 GX059-35-15142805 1
841 0 GX069-63-8745448 1
841 0 GX069-64-13245939 1
841 0 GX069-67-14003424 1
841 0 GX069-67-8263163 1
841 0 GX069-71-3007115 1
841 0 GX069-72-5117528 1
841 0 GX070-14-7965871 1
841 0 GX079-23-15594502 1
841 0 GX127-16-9310889 1
841 0 GX127-18-4612076 2
841 0 GX139-05-4049280 1
841 0 GX231-11-16749620 1
841 0 GX231-95-1450908 1
841 0 GX233-57-9641546 0
841 0 GX235-96-8582778 0
841 0 GX239-99-9581042 1
841 0 GX248-78-6134907 1
841 0 GX251-78-8673097 1
841 0 GX252-09-11403644 0
841 0 GX255-34-4319229 1
841 0 GX256-95-6418273 1
841 0 GX257-27-12380809 1
841 0 GX266-62-8151250 1
841 0 GX269-21-14227537 1
841 0 GX270-17-8477835 1
843 0 GX009-83-16666193 1
843 0 GX011-28-1880050 1
843 0 GX012-79-9421897 2
843 0 GX013-38-0620682 2
843 0 GX020-06-14081149 1
843 0 GX021-01-16187566 1
843 0 GX026-12-14620143 2
843 0 GX027-09-0083985 1
843 0 GX028-34-0107623 0
843 0 GX028-81-6905189 1
843 0 GX030-68-11624393 0
843 0 GX030-71-15787453 1
843 0 GX030-83-2982047 0
843 0 GX031-54-7621081 2
843 0 GX032-54-5681682 1
843 0 GX033-33-2393635 1
843 0 GX035-29-12954471 1
843 0 GX042-21-9734647 1
843 0 GX042-63-0849782 2
843 0 GX043-40-4282517 2
843 0 GX044-14-6831306 2
843 0 GX044-43-11969383 1
843 0 GX045-71-11869671 0
843 0 GX047-51-8183369 1
843 0 GX048-21-7001876 2
843 0 GX048-49-13793146 2
843 0 GX052-74-9172387 0
843 0 GX055-07-6092381 1
843 0 GX057-74-13138951 1
843 0 GX057-87-4080281 0
843 0 GX058-88-6123989 0
843 0 GX059-62-14357337 2
843 0 GX060-08-11387494 0
843 0 GX061-40-10042086 2
843 0 GX065-71-4802868 0
843 0 GX068-13-10605021 1
843 0 GX069-01-5188237 1
843 0 GX079-26-11052957 2
843 0 GX120-46-7956652 0
843 0 GX131-40-13345138 1
843 0 GX151-78-7139869 0
843 0 GX159-62-4590860 0
843 0 GX178-21-12241358 0
843 0 GX191-32-11781446 0
843 0 GX219-31-13747260 0
843 0 GX257-02-10481993 2
843 0 GX260-95-12872975 1
846 0 GX001-86-3512020 0
846 0 GX001-90-15258159 1
846 0 GX002-51-9932648 0
846 0 GX006-14-12953667 0
846 0 GX011-50-7149989 0
846 0 GX011-75-7860217 0
846 0 GX011-76-8632332 0
846 0 GX012-43-6578856 0
846 0 GX014-82-15415259 0
846 0 GX015-26-5522499 1
846 0 GX019-33-11484591 1
846 0 GX020-58-9566030 1
846 0 GX021-98-16545321 1
846 0 GX027-66-10261895 1
846 0 GX028-54-13597431 0
846 0 GX030-41-15821820 1
846 0 GX036-41-6583171 1
846 0 GX039-03-11588197 1
846 0 GX040-47-4109632 1
846 0 GX048-11-1329119 0
846 0 GX076-46-3590937 0
846 0 GX226-39-15738172 0
846 0 GX226-51-4781228 0
846 0 GX226-56-7245665 0
846 0 GX231-73-6500216 0
846 0 GX232-68-13705500 0
846 0 GX232-84-11687135 1
846 0 GX236-55-1489066 0
846 0 GX239-08-8964547 0
846 0 GX240-30-4807705 0
846 0 GX240-31-13546854 1
846 0 GX240-68-1184464 0
846 0 GX241-26-15875068 0
846 0 GX251-65-4700202 0
846 0 GX252-10-11882812 0
846 0 GX252-27-10525253 0
846 0 GX256-45-14492043 0
846 0 GX259-29-1924672 0
846 0 GX260-86-13921624 0
846 0 GX261-21-4729653 0
846 0 GX261-91-2771921 0
846 0 GX262-43-10315912 1
846 0 GX262-74-2361392 0
846 0 GX266-47-2889962 0
846 0 GX268-55-7554375 0
846 0 GX271-31-16667465 0
847 0 GX002-66-5653434 0
847 0 GX004-81-3891531 0
847 0 GX005-01-16278212 0
847 0 GX007-42-9913815 0
847 0 GX009-60-11892722 2
847 0 GX010-06-10730361 2
847 0 GX024-62-4321660 1
847 0 GX029-89-7943366 2
847 0 GX041-73-15398607 0
847 0 GX052-33-3737789 0
847 0 GX064-82-10905905 0
847 0 GX065-59-3759694 0
847 0 GX066-45-10029321 2
847 0 GX070-82-12295276 1
847 0 GX099-85-13957604 0
847 0 GX112-12-4592386 0
847 0 GX114-40-10329257 0
847 0 GX123-45-5659840 1
847 0 GX123-48-1288158 1
847 0 GX123-51-14041513 1
847 0 GX123-54-10403660 1
847 0 GX129-21-12844150 1
847 0 GX139-16-0523580 0
847 0 GX166-92-2730350 0
847 0 GX167-80-0836865 0
847 0 GX184-68-7173870 0
847 0 GX184-96-2894061 0
847 0 GX222-04-12019131 0
847 0 GX229-87-12876306 0
847 0 GX234-53-13104105 0
847 0 GX259-78-10363886 0
847 0 GX259-98-5103878 0
847 0 GX262-60-7192993 0
847 0 GX268-55-6693671 0
849 0 GX000-76-2231612 1
849 0 GX001-17-2932555 0
849 0 GX001-72-3331318 0
849 0 GX002-25-16557885 0
849 0 GX005-28-7957977 1
849 0 GX006-38-0081351 2
849 0 GX007-50-3764824 0
849 0 GX008-24-6611077 1
849 0 GX014-75-5160972 1
849 0 GX016-01-11654762 1
849 0 GX016-50-3666937 2
849 0 GX016-87-6279807 1
849 0 GX018-25-11093219 1
849 0 GX019-03-0277677 1
849 0 GX022-37-1899131 0
849 0 GX022-44-5377165 0
849 0 GX022-94-15754170 1
849 0 GX025-31-15795729 0
849 0 GX025-53-13533381 1
849 0 GX027-24-13868034 0
849 0 GX031-50-3986616 0
849 0 GX032-81-2242172 0
849 0 GX033-70-9253667 0
849 0 GX033-91-11385017 1
849 0 GX034-39-12651882 1
849 0 GX041-94-13387313 0
849 0 GX048-02-7670952 0
849 0 GX051-00-9056332 0
849 0 GX051-21-10019244 0
849 0 GX060-66-15706411 1
849 0 GX062-70-3846166 0
849 0 GX070-60-1921723 0
849 0 GX072-58-10346447 0
849 0 GX075-50-8481570 2
849 0 GX085-66-14842984 0
849 0 GX097-68-9323184 0
849 0 GX126-39-14869592 0
849 0 GX229-40-6418379 0
849 0 GX232-66-2029184 1
849 0 GX237-92-11082513 1
849 0 GX239-78-13405809 1
849 0 GX242-35-10226950 0
849 0 GX243-31-0005184 1
849 0 GX246-58-11423708 1
849 0 GX249-38-16329982 0
849 0 GX251-92-2522976 1
849 0 GX253-38-6100280 0
850 0 GX004-44-3032610 1
850 0 GX005-45-4823660 0
850 0 GX006-15-1213956 0
850 0 GX009-75-7819649 1
850 0 GX023-23-14296372 0
850 0 GX027-16-1696240 1
850 0 GX027-68-9582902 0
850 0 GX034-63-7358434 0
850 0 GX040-87-1850282 1
850 0 GX042-96-1892904 0
850 0 GX043-00-14818762 0
850 0 GX068-88-2128293 0
850 0 GX082-12-12696387 0
850 0 GX093-66-4143911 0
850 0 GX139-41-8651127 0
850 0 GX184-99-15143494 0
850 0 GX191-35-13317614 1
850 0 GX236-24-13983561 1
850 0 GX237-24-14679386 0
850 0 GX241-46-11949527 0
850 0 GX251-01-16552332 1
850 0 GX251-30-9133269 0
850 0 GX252-03-14164970 1
850 0 GX252-88-12567862 1
850 0 GX256-38-9023556 1
850 0 GX257-21-0731466 1
850 0 GX257-76-4276271 1
850 0 GX257-86-3501434 0
850 0 GX258-10-2678893 0
850 0 GX260-55-10981595 0
850 0 GX262-63-16365379 1
850 0 GX268-91-8469664 1
850 0 GX269-26-14945333 1
